# The following table is formatted as tab separated values. 
#GeneId	GeneName	BioType	Bases affected (EXON)	Total score (EXON)	Length (EXON)	Bases affected (GENE)	Total score (GENE)	Length (GENE)	Count (NON_SYNONYMOUS_CODING)	Count (SYNONYMOUS_CODING)
ENSG00000000419	DPM1	mRNA	0	0	1207	0	0	23689	0	0
ENSG00000019186	CYP24A1	mRNA	0	0	3972	0	0	20525	0	0
ENSG00000020256	ZFP64	mRNA	0	0	7456	0	0	152646	0	0
ENSG00000022277	C20orf43	mRNA	0	0	3501	0	0	50297	0	0
ENSG00000025293	PHF20	mRNA	0	0	7812	0	0	178408	0	0
ENSG00000025772	TOMM34	mRNA	0	0	2062	0	0	18357	0	0
ENSG00000026036	RTEL1	mRNA	0	0	9476	0	0	40889	0	0
ENSG00000026559	KCNG1	mRNA	0	0	3748	0	0	19474	0	0
ENSG00000042062	FAM65C	mRNA	0	0	6009	0	0	105421	0	0
ENSG00000053438	NNAT	mRNA	0	0	1294	0	0	2476	0	0
ENSG00000054793	ATP9A	mRNA	0	0	8317	0	0	172121	0	0
ENSG00000054796	SPO11	mRNA	0	0	1867	0	0	14236	0	0
ENSG00000054803	CBLN4	mRNA	0	0	3024	0	0	8033	0	0
ENSG00000060491	OGFR	mRNA	0	0	4702	0	0	9166	0	0
ENSG00000061656	SPAG4	mRNA	0	0	2240	0	0	5158	0	0
ENSG00000062598	ELMO2	mRNA	0	0	5240	0	0	67017	0	0
ENSG00000064205	WISP2	mRNA	0	0	4981	0	0	13666	0	0
ENSG00000064601	CTSA	mRNA	0	0	3261	0	0	7869	0	0
ENSG00000064655	EYA2	mRNA	0	0	3622	0	0	294230	0	0
ENSG00000064787	BCAS1	mRNA	0	0	9025	0	0	133989	0	0
ENSG00000075043	KCNQ2	mRNA	0	0	4494	0	0	66452	0	0
ENSG00000077984	CST7	mRNA	0	0	930	0	0	10699	0	0
ENSG00000078699	CBFA2T2	mRNA	0	0	9457	0	0	159962	0	0
ENSG00000078747	ITCH	mRNA	0	0	6664	0	0	148158	0	0
ENSG00000078804	TP53INP2	mRNA	0	0	4228	0	0	9150	0	0
ENSG00000078814	MYH7B	mRNA	0	0	7929	0	0	27035	0	0
ENSG00000078898	BPIL1	mRNA	0	0	1898	0	0	16110	0	0
ENSG00000080189	SLC35C2	mRNA	0	0	4118	0	0	14877	0	0
ENSG00000080839	RBL1	mRNA	0	0	5954	0	0	99647	0	0
ENSG00000080845	DLGAP4	mRNA	0	0	8789	0	0	262783	0	0
ENSG00000087460	GNAS	mRNA	0	0	12603	0	0	71475	0	0
ENSG00000087495	PHACTR3	mRNA	0	0	6095	0	0	270203	0	0
ENSG00000087510	TFAP2C	mRNA	0	0	3112	0	0	9982	0	0
ENSG00000087586	AURKA	mRNA	0	0	2928	0	0	22949	0	0
ENSG00000087589	CASS4	mRNA	0	0	4025	0	0	47229	0	0
ENSG00000088298	EDEM2	mRNA	0	0	3387	0	0	162769	0	0
ENSG00000088305	DNMT3B	mRNA	0	0	4756	0	0	46972	0	0
ENSG00000088320	REM1	mRNA	0	0	1665	0	0	9613	0	0
ENSG00000088325	TPX2	mRNA	0	0	3605	0	0	62535	0	0
ENSG00000088340	FER1L4	mRNA	0	0	9207	0	0	48978	0	0
ENSG00000088356	PDRG1	mRNA	0	0	1385	0	0	7138	0	0
ENSG00000088367	EPB41L1	mRNA	0	0	9683	0	0	141296	0	0
ENSG00000088766	CRLS1	mRNA	0	0	4805	0	0	33964	0	0
ENSG00000088782	DEFB127	mRNA	0	0	514	0	0	1694	0	0
ENSG00000088812	ATRN	mRNA	0	0	8753	0	0	180083	0	0
ENSG00000088826	SMOX	mRNA	0	0	2946	0	0	66768	0	0
ENSG00000088827	SIGLEC1	mRNA	0	0	6720	0	0	20159	0	0
ENSG00000088832	FKBP1A	mRNA	0	0	2369	0	0	24185	0	0
ENSG00000088833	NSFL1C	mRNA	0	0	5970	0	0	25531	0	0
ENSG00000088836	SLC4A11	mRNA	0	0	3966	0	0	11825	0	0
ENSG00000088854	C20orf194	mRNA	0	0	8864	0	0	158322	0	0
ENSG00000088876	ZNF343	mRNA	0	0	4520	0	0	42886	0	0
ENSG00000088881	EBF4	mRNA	0	0	3616	0	0	67275	0	0
ENSG00000088882	CPXM1	mRNA	0	0	2391	0	0	6569	0	0
ENSG00000088888	MAVS	mRNA	0	0	4240	0	0	21794	0	0
ENSG00000088899	RP5-1187M17.10	mRNA	0	0	5349	0	0	10930	0	0
ENSG00000088930	XRN2	mRNA	0	0	3489	0	0	86522	0	0
ENSG00000088970	PLK1S1	mRNA	0	0	4802	0	0	120637	0	0
ENSG00000089006	SNX5	mRNA	0	0	4991	0	0	27383	0	0
ENSG00000089012	SIRPG	mRNA	0	0	2244	0	0	28628	0	0
ENSG00000089048	ESF1	mRNA	0	0	3237	0	0	70564	0	0
ENSG00000089050	RBBP9	mRNA	0	0	3861	0	0	10704	0	0
ENSG00000089057	SLC23A2	mRNA	0	0	7523	0	0	157938	0	0
ENSG00000089063	C20orf30	mRNA	0	0	2038	0	0	13264	0	0
ENSG00000089091	C20orf12	mRNA	0	0	6447	0	0	83819	0	0
ENSG00000089101	C20orf26	mRNA	0	0	7196	0	0	308189	0	0
ENSG00000089123	TASP1	mRNA	0	0	3156	0	0	372879	0	0
ENSG00000089177	KIF16B	mRNA	0	0	6245	0	0	301330	0	0
ENSG00000089195	TRMT6	mRNA	0	0	3754	0	0	13302	0	0
ENSG00000089199	CHGB	mRNA	0	0	4535	0	0	13932	0	0
ENSG00000092758	COL9A3	mRNA	0	0	4831	0	0	24916	0	0
ENSG00000100979	PLTP	mRNA	0	0	2402	0	0	13396	0	0
ENSG00000100982	PCIF1	mRNA	0	0	2832	0	0	13396	0	0
ENSG00000100983	GSS	mRNA	0	0	2325	0	0	27385	0	0
ENSG00000100985	MMP9	mRNA	0	0	2558	0	0	7654	0	0
ENSG00000100987	VSX1	mRNA	0	0	3094	0	0	10877	0	0
ENSG00000100991	TRPC4AP	mRNA	0	0	3226	0	0	90468	0	0
ENSG00000100994	PYGB	mRNA	0	0	4391	0	0	49946	0	0
ENSG00000100997	ABHD12	mRNA	0	0	3142	0	0	96241	0	0
ENSG00000101000	PROCR	mRNA	0	0	1656	0	0	6439	0	0
ENSG00000101003	GINS1	mRNA	0	0	4190	0	0	44902	0	0
ENSG00000101004	NINL	mRNA	0	0	6008	0	0	132813	0	0
ENSG00000101017	CD40	mRNA	0	0	6325	0	0	11592	0	0
ENSG00000101019	UQCC	mRNA	0	0	6917	0	0	109576	0	0
ENSG00000101040	ZMYND8	mRNA	0	0	7687	0	0	147709	0	0
ENSG00000101049	SGK2	mRNA	0	0	3465	0	0	29270	0	0
ENSG00000101052	IFT52	mRNA	0	0	2542	0	0	56366	0	0
ENSG00000101057	MYBL2	mRNA	0	0	2682	0	0	49383	0	0
ENSG00000101074	R3HDML	mRNA	0	0	1377	0	0	14250	0	0
ENSG00000101076	HNF4A	mRNA	0	0	3883	0	0	75691	0	0
ENSG00000101079	NDRG3	mRNA	0	0	3248	0	0	94313	0	0
ENSG00000101082	SLA2	mRNA	0	0	2757	0	0	33899	0	0
ENSG00000101084	C20orf24	mRNA	0	0	1517	0	0	6824	0	0
ENSG00000101096	NFATC2	mRNA	0	0	8255	0	0	175846	0	0
ENSG00000101098	RIMS4	mRNA	0	0	5206	0	0	58531	0	0
ENSG00000101104	PABPC1L	mRNA	0	0	4984	0	0	48974	0	0
ENSG00000101109	STK4	mRNA	0	0	9079	0	0	113486	0	0
ENSG00000101115	SALL4	mRNA	0	0	4016	0	0	18434	0	0
ENSG00000101126	ADNP	mRNA	0	0	6925	0	0	42166	0	0
ENSG00000101132	PFDN4	mRNA	0	0	1975	0	0	20206	0	0
ENSG00000101134	DOK5	mRNA	0	0	2604	0	0	175575	0	0
ENSG00000101138	CSTF1	mRNA	0	0	2724	0	0	12092	0	0
ENSG00000101144	BMP7	mRNA	0	0	5310	0	0	97882	0	0
ENSG00000101146	RAE1	mRNA	0	0	5855	0	0	28202	0	0
ENSG00000101150	TPD52L2	mRNA	0	0	2646	0	0	26303	0	0
ENSG00000101152	DNAJC5	mRNA	0	0	5304	0	0	40867	0	0
ENSG00000101158	TH1L	mRNA	0	0	6265	0	0	13893	0	0
ENSG00000101160	CTSZ	mRNA	0	0	1986	0	0	12063	0	0
ENSG00000101161	PRPF6	mRNA	0	0	3044	0	0	51966	0	0
ENSG00000101162	TUBB1	mRNA	0	0	3496	0	0	7401	0	0
ENSG00000101166	SLMO2	mRNA	0	0	2977	0	0	9765	0	0
ENSG00000101180	HRH3	mRNA	0	0	2671	0	0	5298	0	0
ENSG00000101181	GTPBP5	mRNA	0	0	5209	0	0	20540	0	0
ENSG00000101182	PSMA7	mRNA	0	0	1711	0	0	6706	0	0
ENSG00000101187	SLCO4A1	mRNA	0	0	4051	0	0	43341	0	0
ENSG00000101188	NTSR1	mRNA	0	0	4237	0	0	53935	0	0
ENSG00000101189	C20orf20	mRNA	0	0	1636	0	0	4141	0	0
ENSG00000101190	TCFL5	mRNA	0	0	3436	0	0	20649	0	0
ENSG00000101191	DIDO1	mRNA	0	0	13281	0	0	60215	0	0
ENSG00000101193	C20orf11	mRNA	0	0	2631	0	0	8549	0	0
ENSG00000101194	SLC17A9	mRNA	0	0	4480	0	0	15898	0	0
ENSG00000101197	BIRC7	mRNA	0	0	1562	0	0	4625	0	0
ENSG00000101198	NKAIN4	mRNA	0	0	2668	0	0	31911	0	0
ENSG00000101199	ARFGAP1	mRNA	0	0	6610	0	0	17006	0	0
ENSG00000101200	AVP	mRNA	0	0	619	0	0	2169	0	0
ENSG00000101203	COL20A1	mRNA	0	0	11192	0	0	41666	0	0
ENSG00000101204	CHRNA4	mRNA	0	0	9487	0	0	35089	0	0
ENSG00000101210	EEF1A2	mRNA	0	0	1843	0	0	11140	0	0
ENSG00000101213	PTK6	mRNA	0	0	2523	0	0	8946	0	0
ENSG00000101216	GMEB2	mRNA	0	0	4707	0	0	39440	0	0
ENSG00000101220	C20orf27	mRNA	0	0	2546	0	0	14880	0	0
ENSG00000101222	SPEF1	mRNA	0	0	1925	0	0	3945	0	0
ENSG00000101224	CDC25B	mRNA	0	0	4149	0	0	19185	0	0
ENSG00000101230	ISM1	mRNA	0	0	2593	0	0	78881	0	0
ENSG00000101236	RNF24	mRNA	0	0	3556	0	0	84162	0	0
ENSG00000101246	ARFRP1	mRNA	0	0	3493	0	0	9360	0	0
ENSG00000101247	C20orf7	mRNA	0	0	4056	0	0	33472	0	0
ENSG00000101251	SEL1L2	mRNA	0	0	3884	0	0	147197	0	0
ENSG00000101255	TRIB3	mRNA	0	0	2948	0	0	16943	0	0
ENSG00000101265	RASSF2	mRNA	0	0	5899	0	0	43623	0	0
ENSG00000101266	CSNK2A1	mRNA	0	0	4722	0	0	65367	0	0
ENSG00000101276	C20orf54	mRNA	0	0	3445	0	0	8408	0	0
ENSG00000101278	AL118502.1	mRNA	0	0	531	0	0	531	0	0
ENSG00000101280	ANGPT4	mRNA	0	0	1939	0	0	43682	0	0
ENSG00000101282	RSPO4	mRNA	0	0	2710	0	0	43813	0	0
ENSG00000101290	CDS2	mRNA	0	0	11893	0	0	71102	0	0
ENSG00000101292	PROKR2	mRNA	0	0	1771	0	0	15062	0	0
ENSG00000101294	HM13	mRNA	0	0	5946	0	0	55140	0	0
ENSG00000101298	SNPH	mRNA	0	0	5572	0	0	43013	0	0
ENSG00000101306	MYLK2	mRNA	0	0	2976	0	0	15382	0	0
ENSG00000101307	SIRPB1	mRNA	0	0	5476	0	0	56489	0	0
ENSG00000101310	SEC23B	mRNA	0	0	4039	0	0	53923	0	0
ENSG00000101311	FERMT1	mRNA	0	0	5359	0	0	48700	0	0
ENSG00000101321	XKR7	mRNA	0	0	2910	0	0	30452	0	0
ENSG00000101323	HAO1	mRNA	0	0	1777	0	0	57494	0	0
ENSG00000101327	PDYN	mRNA	0	0	2648	0	0	15330	0	0
ENSG00000101331	C20orf160	mRNA	0	0	2596	0	0	21740	0	0
ENSG00000101333	PLCB4	mRNA	0	0	6900	0	0	412480	0	0
ENSG00000101335	MYL9	mRNA	0	0	1199	0	0	8342	0	0
ENSG00000101336	HCK	mRNA	0	0	3092	0	0	49669	0	0
ENSG00000101337	TM9SF4	mRNA	0	0	5415	0	0	57753	0	0
ENSG00000101342	C20orf118	mRNA	0	0	2083	0	0	18105	0	0
ENSG00000101343	CRNKL1	mRNA	0	0	4567	0	0	21679	0	0
ENSG00000101346	POFUT1	mRNA	0	0	6426	0	0	30788	0	0
ENSG00000101347	SAMHD1	mRNA	0	0	5214	0	0	61615	0	0
ENSG00000101349	PAK7	mRNA	0	0	4929	0	0	301654	0	0
ENSG00000101350	KIF3B	mRNA	0	0	6103	0	0	57348	0	0
ENSG00000101353	C20orf132	mRNA	0	0	3560	0	0	78254	0	0
ENSG00000101361	NOP56	mRNA	0	0	4599	0	0	6249	0	0
ENSG00000101363	MANBAL	mRNA	0	0	2045	0	0	27623	0	0
ENSG00000101365	IDH3B	mRNA	0	0	2301	0	0	5825	0	0
ENSG00000101367	MAPRE1	mRNA	0	0	2623	0	0	30513	0	0
ENSG00000101384	JAG1	mRNA	0	0	6488	0	0	36277	0	0
ENSG00000101391	CDK5RAP1	mRNA	0	0	4567	0	0	42723	0	0
ENSG00000101400	SNTA1	mRNA	0	0	2342	0	0	35938	0	0
ENSG00000101405	OXT	mRNA	0	0	513	0	0	898	0	0
ENSG00000101407	TTI1	mRNA	0	0	4122	0	0	50462	0	0
ENSG00000101412	E2F1	mRNA	0	0	2503	0	0	10722	0	0
ENSG00000101413	RPRD1B	mRNA	0	0	4243	0	0	58821	0	0
ENSG00000101417	PXMP4	mRNA	0	0	1771	0	0	13614	0	0
ENSG00000101421	CHMP4B	mRNA	0	0	1646	0	0	43063	0	0
ENSG00000101425	BPI	mRNA	0	0	5603	0	0	77357	0	0
ENSG00000101435	CST9L	mRNA	0	0	959	0	0	4018	0	0
ENSG00000101438	SLC32A1	mRNA	0	0	2574	0	0	4911	0	0
ENSG00000101439	CST3	mRNA	0	0	2504	0	0	10577	0	0
ENSG00000101440	ASIP	mRNA	0	0	586	0	0	8980	0	0
ENSG00000101441	CST4	mRNA	0	0	751	0	0	3401	0	0
ENSG00000101442	ACTR5	mRNA	0	0	2236	0	0	23750	0	0
ENSG00000101443	WFDC2	mRNA	0	0	1382	0	0	11827	0	0
ENSG00000101444	AHCY	mRNA	0	0	3097	0	0	31535	0	0
ENSG00000101445	PPP1R16B	mRNA	0	0	6400	0	0	117320	0	0
ENSG00000101446	SPINT3	mRNA	0	0	476	0	0	3164	0	0
ENSG00000101447	FAM83D	mRNA	0	0	2429	0	0	26749	0	0
ENSG00000101448	SPINLW1	mRNA	0	0	6238	0	0	7127	0	0
ENSG00000101452	DHX35	mRNA	0	0	4930	0	0	77425	0	0
ENSG00000101457	DNTTIP1	mRNA	0	0	1883	0	0	19491	0	0
ENSG00000101460	MAP1LC3A	mRNA	0	0	1762	0	0	13492	0	0
ENSG00000101463	TMEM90B	mRNA	0	0	2847	0	0	197418	0	0
ENSG00000101464	PIGU	mRNA	0	0	2755	0	0	116565	0	0
ENSG00000101470	TNNC2	mRNA	0	0	876	0	0	10532	0	0
ENSG00000101473	ACOT8	mRNA	0	0	4211	0	0	15686	0	0
ENSG00000101474	C20orf3	mRNA	0	0	2430	0	0	30055	0	0
ENSG00000101898	RP3-324O17.4	mRNA	0	0	546	0	0	546	0	0
ENSG00000118702	GHRH	mRNA	0	0	566	0	0	10750	0	0
ENSG00000118705	RPN2	mRNA	0	0	2842	0	0	63210	0	0
ENSG00000118707	TGIF2	mRNA	0	0	3525	0	0	20463	0	0
ENSG00000124089	MC3R	mRNA	0	0	1084	0	0	1084	0	0
ENSG00000124091	GCNT7	mRNA	0	0	2064	0	0	34434	0	0
ENSG00000124092	CTCFL	mRNA	0	0	7917	0	0	29688	0	0
ENSG00000124097	HMGB1P1	mRNA	0	0	636	0	0	636	0	0
ENSG00000124098	C20orf108	mRNA	0	0	3046	0	0	9749	0	0
ENSG00000124102	PI3	mRNA	0	0	577	0	0	1669	0	0
ENSG00000124103	C20orf106	mRNA	0	0	1137	0	0	8956	0	0
ENSG00000124104	SNX21	mRNA	0	0	4080	0	0	9466	0	0
ENSG00000124107	SLPI	mRNA	0	0	596	0	0	2326	0	0
ENSG00000124116	WFDC3	mRNA	0	0	2394	0	0	43989	0	0
ENSG00000124120	TTPAL	mRNA	0	0	7044	0	0	18719	0	0
ENSG00000124126	PREX1	mRNA	0	0	7044	0	0	203631	0	0
ENSG00000124134	KCNS1	mRNA	0	0	4538	0	0	8803	0	0
ENSG00000124140	SLC12A5	mRNA	0	0	6788	0	0	38461	0	0
ENSG00000124143	ARHGAP40	mRNA	0	0	2841	0	0	48719	0	0
ENSG00000124145	SDC4	mRNA	0	0	2613	0	0	23137	0	0
ENSG00000124151	NCOA3	mRNA	0	0	8449	0	0	155021	0	0
ENSG00000124155	PIGT	mRNA	0	0	2245	0	0	10178	0	0
ENSG00000124157	SEMG2	mRNA	0	0	2051	0	0	3159	0	0
ENSG00000124159	MATN4	mRNA	0	0	2467	0	0	15085	0	0
ENSG00000124160	NCOA5	mRNA	0	0	3220	0	0	28968	0	0
ENSG00000124164	VAPB	mRNA	0	0	10585	0	0	61980	0	0
ENSG00000124171	PARD6B	mRNA	0	0	4726	0	0	25252	0	0
ENSG00000124172	ATP5E	mRNA	0	0	5126	0	0	6916	0	0
ENSG00000124177	CHD6	mRNA	0	0	14119	0	0	216393	0	0
ENSG00000124181	PLCG1	mRNA	0	0	6876	0	0	38762	0	0
ENSG00000124191	TOX2	mRNA	0	0	3243	0	0	154765	0	0
ENSG00000124193	SRSF6	mRNA	0	0	3951	0	0	5678	0	0
ENSG00000124194	GDAP1L1	mRNA	0	0	2510	0	0	33127	0	0
ENSG00000124196	GTSF1L	mRNA	0	0	835	0	0	835	0	0
ENSG00000124198	ARFGEF2	mRNA	0	0	9110	0	0	114956	0	0
ENSG00000124201	ZNFX1	mRNA	0	0	9388	0	0	67982	0	0
ENSG00000124203	ZNF831	mRNA	0	0	9404	0	0	68094	0	0
ENSG00000124205	EDN3	mRNA	0	0	2675	0	0	25566	0	0
ENSG00000124207	CSE1L	mRNA	0	0	4619	0	0	50652	0	0
ENSG00000124208	TMEM189-UBE2V1	mRNA	0	0	2796	0	0	72514	0	0
ENSG00000124209	RAB22A	mRNA	0	0	9285	0	0	57812	0	0
ENSG00000124212	PTGIS	mRNA	0	0	1998	0	0	60692	0	0
ENSG00000124214	STAU1	mRNA	0	0	4217	0	0	75027	0	0
ENSG00000124215	CDH26	mRNA	0	0	5424	0	0	75261	0	0
ENSG00000124216	SNAI1	mRNA	0	0	1686	0	0	5888	0	0
ENSG00000124217	MOCS3	mRNA	0	0	2458	0	0	2458	0	0
ENSG00000124222	STX16	mRNA	0	0	5089	0	0	28255	0	0
ENSG00000124224	PPP4R1L	mRNA	0	0	6808	0	0	78308	0	0
ENSG00000124225	PMEPA1	mRNA	0	0	5619	0	0	63145	0	0
ENSG00000124226	RNF114	mRNA	0	0	2443	0	0	17485	0	0
ENSG00000124227	ANKRD60	mRNA	0	0	1038	0	0	10159	0	0
ENSG00000124228	DDX27	mRNA	0	0	5482	0	0	24783	0	0
ENSG00000124232	RBPJL	mRNA	0	0	1840	0	0	10313	0	0
ENSG00000124233	SEMG1	mRNA	0	0	1662	0	0	2776	0	0
ENSG00000124237	C20orf85	mRNA	0	0	803	0	0	10247	0	0
ENSG00000124243	BCAS4	mRNA	0	0	1771	0	0	82284	0	0
ENSG00000124249	KCNK15	mRNA	0	0	1320	0	0	5255	0	0
ENSG00000124251	TP53TG5	mRNA	0	0	1717	0	0	34004	0	0
ENSG00000124253	PCK1	mRNA	0	0	5171	0	0	10254	0	0
ENSG00000124256	ZBP1	mRNA	0	0	5413	0	0	16731	0	0
ENSG00000124257	NEURL2	mRNA	0	0	1278	0	0	2654	0	0
ENSG00000125508	SRMS	mRNA	0	0	1516	0	0	6695	0	0
ENSG00000125510	OPRL1	mRNA	0	0	3549	0	0	20471	0	0
ENSG00000125514	NCRNA00029	mRNA	0	0	1790	0	0	2812	0	0
ENSG00000125520	SLC2A4RG	mRNA	0	0	2808	0	0	5236	0	0
ENSG00000125522	NPBWR2	mRNA	0	0	1352	0	0	1352	0	0
ENSG00000125531	C20orf195	mRNA	0	0	1201	0	0	3689	0	0
ENSG00000125533	BHLHE23	mRNA	0	0	1057	0	0	1057	0	0
ENSG00000125534	PPDPF	mRNA	0	0	1094	0	0	1483	0	0
ENSG00000125772	GPCPD1	mRNA	0	0	7450	0	0	66592	0	0
ENSG00000125775	SDCBP2	mRNA	0	0	2044	0	0	19265	0	0
ENSG00000125779	PANK2	mRNA	0	0	5987	0	0	38120	0	0
ENSG00000125780	TGM3	mRNA	0	0	2693	0	0	45078	0	0
ENSG00000125787	GNRH2	mRNA	0	0	823	0	0	2126	0	0
ENSG00000125788	DEFB126	mRNA	0	0	655	0	0	3383	0	0
ENSG00000125798	FOXA2	mRNA	0	0	2603	0	0	4451	0	0
ENSG00000125804	FAM182A	mRNA	0	0	6332	0	0	38393	0	0
ENSG00000125810	CD93	mRNA	0	0	6708	0	0	6992	0	0
ENSG00000125812	GZF1	mRNA	0	0	5495	0	0	10914	0	0
ENSG00000125813	PAX1	mRNA	0	0	3351	0	0	10324	0	0
ENSG00000125814	NAPB	mRNA	0	0	5188	0	0	46967	0	0
ENSG00000125815	CST8	mRNA	0	0	918	0	0	4918	0	0
ENSG00000125816	NKX2-4	mRNA	0	0	2238	0	0	2662	0	0
ENSG00000125817	CENPB	mRNA	0	0	2840	0	0	2840	0	0
ENSG00000125818	PSMF1	mRNA	0	0	4718	0	0	55117	0	0
ENSG00000125820	NKX2-2	mRNA	0	0	2092	0	0	3017	0	0
ENSG00000125821	DTD1	mRNA	0	0	3185	0	0	176025	0	0
ENSG00000125823	CSTL1	mRNA	0	0	1073	0	0	5246	0	0
ENSG00000125826	RBCK1	mRNA	0	0	3839	0	0	23469	0	0
ENSG00000125827	TMX4	mRNA	0	0	6579	0	0	42482	0	0
ENSG00000125831	CST11	mRNA	0	0	566	0	0	2455	0	0
ENSG00000125834	STK35	mRNA	0	0	7055	0	0	75428	0	0
ENSG00000125835	SNRPB	mRNA	0	0	1824	0	0	9220	0	0
ENSG00000125841	NRSN2	mRNA	0	0	2401	0	0	7986	0	0
ENSG00000125843	C20orf29	mRNA	0	0	1948	0	0	4772	0	0
ENSG00000125844	RRBP1	mRNA	0	0	6628	0	0	68618	0	0
ENSG00000125845	BMP2	mRNA	0	0	3584	0	0	12600	0	0
ENSG00000125846	ZNF133	mRNA	0	0	5029	0	0	28520	0	0
ENSG00000125848	FLRT3	mRNA	0	0	5190	0	0	14629	0	0
ENSG00000125850	OVOL2	mRNA	0	0	2069	0	0	102210	0	0
ENSG00000125851	PCSK2	mRNA	0	0	7078	0	0	258472	0	0
ENSG00000125861	GFRA4	mRNA	0	0	1517	0	0	4108	0	0
ENSG00000125863	MKKS	mRNA	0	0	2778	0	0	29039	0	0
ENSG00000125864	BFSP1	mRNA	0	0	3361	0	0	75316	0	0
ENSG00000125868	DSTN	mRNA	0	0	2174	0	0	38380	0	0
ENSG00000125869	C20orf103	mRNA	0	0	2039	0	0	16164	0	0
ENSG00000125870	SNRPB2	mRNA	0	0	1820	0	0	11816	0	0
ENSG00000125871	C20orf72	mRNA	0	0	2336	0	0	22210	0	0
ENSG00000125872	LRRN4	mRNA	0	0	2692	0	0	13272	0	0
ENSG00000125875	TBC1D20	mRNA	0	0	5831	0	0	27074	0	0
ENSG00000125877	ITPA	mRNA	0	0	1614	0	0	15003	0	0
ENSG00000125878	TCF15	mRNA	0	0	1555	0	0	6602	0	0
ENSG00000125879	OTOR	mRNA	0	0	2198	0	0	21705	0	0
ENSG00000125885	MCM8	mRNA	0	0	3920	0	0	44555	0	0
ENSG00000125888	BANF2	mRNA	0	0	1355	0	0	42197	0	0
ENSG00000125895	C20orf46	mRNA	0	0	2210	0	0	4855	0	0
ENSG00000125898	FAM110A	mRNA	0	0	2031	0	0	12565	0	0
ENSG00000125899	C20orf187	mRNA	0	0	450	0	0	1607	0	0
ENSG00000125900	SIRPD	mRNA	0	0	1961	0	0	24593	0	0
ENSG00000125901	MRPS26	mRNA	0	0	1127	0	0	2310	0	0
ENSG00000125903	DEFB129	mRNA	0	0	698	0	0	2629	0	0
ENSG00000125965	GDF5	mRNA	0	0	2646	0	0	21424	0	0
ENSG00000125966	MMP24	mRNA	0	0	4415	0	0	50348	0	0
ENSG00000125967	NECAB3	mRNA	0	0	3327	0	0	17377	0	0
ENSG00000125968	ID1	mRNA	0	0	1233	0	0	1233	0	0
ENSG00000125970	RALY	mRNA	0	0	2900	0	0	114663	0	0
ENSG00000125971	DYNLRB1	mRNA	0	0	3252	0	0	24549	0	0
ENSG00000125975	C20orf173	mRNA	0	0	1244	0	0	2683	0	0
ENSG00000125977	EIF2S2	mRNA	0	0	2656	0	0	24035	0	0
ENSG00000125991	ERGIC3	mRNA	0	0	5979	0	0	15636	0	0
ENSG00000125995	ROMO1	mRNA	0	0	702	0	0	1713	0	0
ENSG00000125997	C20orf115	mRNA	0	0	1178	0	0	6725	0	0
ENSG00000125998	FAM83C	mRNA	0	0	3145	0	0	6671	0	0
ENSG00000125999	C20orf114	mRNA	0	0	3101	0	0	36399	0	0
ENSG00000126001	CEP250	mRNA	0	0	8935	0	0	56820	0	0
ENSG00000126003	PLAGL2	mRNA	0	0	5705	0	0	15289	0	0
ENSG00000126005	MT1P3	mRNA	0	0	3948	0	0	62219	0	0
ENSG00000129988	LBP	mRNA	0	0	1961	0	0	30907	0	0
ENSG00000130584	ZBTB46	mRNA	0	0	5956	0	0	87579	0	0
ENSG00000130589	RP4-697K14.7	mRNA	0	0	12066	0	0	16154	0	0
ENSG00000130590	SAMD10	mRNA	0	0	2453	0	0	5896	0	0
ENSG00000130684	ZNF337	mRNA	0	0	3823	0	0	22627	0	0
ENSG00000130699	TAF4	mRNA	0	0	5359	0	0	112342	0	0
ENSG00000130700	GATA5	mRNA	0	0	2595	0	0	12474	0	0
ENSG00000130701	C20orf151	mRNA	0	0	2793	0	0	17297	0	0
ENSG00000130702	LAMA5	mRNA	0	0	14705	0	0	59358	0	0
ENSG00000130703	OSBPL2	mRNA	0	0	4414	0	0	57689	0	0
ENSG00000130706	ADRM1	mRNA	0	0	2166	0	0	6770	0	0
ENSG00000131043	C20orf4	mRNA	0	0	3101	0	0	34460	0	0
ENSG00000131044	TTLL9	mRNA	0	0	2974	0	0	74260	0	0
ENSG00000131050	C20orf70	mRNA	0	0	1178	0	0	19645	0	0
ENSG00000131051	RBM39	mRNA	0	0	9307	0	0	38704	0	0
ENSG00000131055	COX4I2	mRNA	0	0	693	0	0	7119	0	0
ENSG00000131059	C20orf71	mRNA	0	0	2481	0	0	10449	0	0
ENSG00000131061	ZNF341	mRNA	0	0	5457	0	0	60613	0	0
ENSG00000131067	GGT7	mRNA	0	0	2966	0	0	28141	0	0
ENSG00000131068	DEFB118	mRNA	0	0	1158	0	0	5306	0	0
ENSG00000131069	ACSS2	mRNA	0	0	5393	0	0	55821	0	0
ENSG00000132622	HSPA12B	mRNA	0	0	3173	0	0	20445	0	0
ENSG00000132623	ANKRD5	mRNA	0	0	3880	0	0	21722	0	0
ENSG00000132631	C20orf79	mRNA	0	0	664	0	0	664	0	0
ENSG00000132635	FAM113A	mRNA	0	0	2341	0	0	5877	0	0
ENSG00000132639	SNAP25	mRNA	0	0	3357	0	0	88589	0	0
ENSG00000132640	BTBD3	mRNA	0	0	6228	0	0	35887	0	0
ENSG00000132646	PCNA	mRNA	0	0	1471	0	0	11674	0	0
ENSG00000132661	NXT1	mRNA	0	0	1123	0	0	4042	0	0
ENSG00000132664	POLR3F	mRNA	0	0	2928	0	0	17517	0	0
ENSG00000132669	RIN2	mRNA	0	0	5053	0	0	115937	0	0
ENSG00000132670	PTPRA	mRNA	0	0	4107	0	0	174491	0	0
ENSG00000132671	SSTR4	mRNA	0	0	1258	0	0	1258	0	0
ENSG00000132792	CTNNBL1	mRNA	0	0	4093	0	0	178124	0	0
ENSG00000132793	LPIN3	mRNA	0	0	4568	0	0	19663	0	0
ENSG00000132801	ZSWIM3	mRNA	0	0	2928	0	0	21506	0	0
ENSG00000132819	RBM38	mRNA	0	0	2686	0	0	17927	0	0
ENSG00000132821	VSTM2L	mRNA	0	0	1966	0	0	42254	0	0
ENSG00000132823	C20orf111	mRNA	0	0	1713	0	0	14296	0	0
ENSG00000132824	SERINC3	mRNA	0	0	4683	0	0	25889	0	0
ENSG00000132825	PPP1R3D	mRNA	0	0	3459	0	0	3459	0	0
ENSG00000132832	RP11-445H22.3	mRNA	0	0	1416	0	0	39646	0	0
ENSG00000149346	C20orf94	mRNA	0	0	1407	0	0	188077	0	0
ENSG00000149435	GGTLC1	mRNA	0	0	1276	0	0	3727	0	0
ENSG00000149443	C20orf78	mRNA	0	0	738	0	0	20426	0	0
ENSG00000149451	ADAM33	mRNA	0	0	6077	0	0	14282	0	0
ENSG00000149474	CSRP2BP	mRNA	0	0	4448	0	0	50533	0	0
ENSG00000149488	TMC2	mRNA	0	0	4826	0	0	105178	0	0
ENSG00000149531	FRG1B	mRNA	0	0	1386	0	0	22154	0	0
ENSG00000149596	JPH2	mRNA	0	0	5943	0	0	75884	0	0
ENSG00000149599	DUSP15	mRNA	0	0	3770	0	0	23111	0	0
ENSG00000149600	COMMD7	mRNA	0	0	1944	0	0	41322	0	0
ENSG00000149609	C20orf144	mRNA	0	0	571	0	0	1631	0	0
ENSG00000149633	KIAA1755	mRNA	0	0	7947	0	0	50285	0	0
ENSG00000149634	C20orf165	mRNA	0	0	757	0	0	1147	0	0
ENSG00000149635	C20orf123	mRNA	0	0	2043	0	0	9629	0	0
ENSG00000149636	DSN1	mRNA	0	0	2748	0	0	22037	0	0
ENSG00000149639	KIAA0889	mRNA	0	0	15128	0	0	86245	0	0
ENSG00000149646	C20orf152	mRNA	0	0	4146	0	0	62111	0	0
ENSG00000149651	SPINT4	mRNA	0	0	512	0	0	3480	0	0
ENSG00000149654	CDH22	mRNA	0	0	4929	0	0	134766	0	0
ENSG00000149656	NCRNA00266	mRNA	0	0	1438	0	0	22748	0	0
ENSG00000149657	LSM14B	mRNA	0	0	3504	0	0	12918	0	0
ENSG00000149658	YTHDF1	mRNA	0	0	3457	0	0	20806	0	0
ENSG00000149679	CABLES2	mRNA	0	0	3787	0	0	18656	0	0
ENSG00000154930	ACSS1	mRNA	0	0	10096	0	0	52749	0	0
ENSG00000158296	SLC13A3	mRNA	0	0	5953	0	0	118252	0	0
ENSG00000158445	KCNB1	mRNA	0	0	7318	0	0	114239	0	0
ENSG00000158470	B4GALT5	mRNA	0	0	4722	0	0	80934	0	0
ENSG00000158480	SPATA2	mRNA	0	0	4305	0	0	12153	0	0
ENSG00000158901	WFDC8	mRNA	0	0	1529	0	0	28174	0	0
ENSG00000166619	BLCAP	mRNA	0	0	3252	0	0	25518	0	0
ENSG00000166913	YWHAB	mRNA	0	0	4017	0	0	22857	0	0
ENSG00000166948	TGM6	mRNA	0	0	2292	0	0	51846	0	0
ENSG00000167046	RP11-93B14.6	mRNA	0	0	1933	0	0	2586	0	0
ENSG00000167098	SUN5	mRNA	0	0	1475	0	0	20661	0	0
ENSG00000167104	BPIL3	mRNA	0	0	1676	0	0	12400	0	0
ENSG00000167390	POM121L3P	mRNA	0	0	1156	0	0	1156	0	0
ENSG00000168612	ZSWIM1	mRNA	0	0	2769	0	0	4040	0	0
ENSG00000168630	AL050348.1	mRNA	0	0	0	0	0	1	0	0
ENSG00000168634	WFDC13	mRNA	0	0	1372	0	0	6802	0	0
ENSG00000168703	WFDC12	mRNA	0	0	775	0	0	1041	0	0
ENSG00000168734	PKIG	mRNA	0	0	2496	0	0	92463	0	0
ENSG00000168746	C20orf62	mRNA	0	0	890	0	0	13361	0	0
ENSG00000170191	NANP	mRNA	0	0	3964	0	0	11241	0	0
ENSG00000170367	CST5	mRNA	0	0	756	0	0	3816	0	0
ENSG00000170369	CST2	mRNA	0	0	748	0	0	2963	0	0
ENSG00000170373	CST1	mRNA	0	0	872	0	0	3716	0	0
ENSG00000170471	RALGAPB	mRNA	0	0	12624	0	0	106046	0	0
ENSG00000171222	SCAND1	mRNA	0	0	1739	0	0	5856	0	0
ENSG00000171456	ASXL1	mRNA	0	0	8573	0	0	80976	0	0
ENSG00000171552	BCL2L1	mRNA	0	0	3314	0	0	59538	0	0
ENSG00000171695	C20orf201	mRNA	0	0	868	0	0	980	0	0
ENSG00000171700	RGS19	mRNA	0	0	2010	0	0	6790	0	0
ENSG00000171703	TCEA2	mRNA	0	0	4802	0	0	22512	0	0
ENSG00000171858	RPS21	mRNA	0	0	1090	0	0	1472	0	0
ENSG00000171864	PRND	mRNA	0	0	3980	0	0	6551	0	0
ENSG00000171867	PRNP	mRNA	0	0	2851	0	0	15355	0	0
ENSG00000171873	ADRA1D	mRNA	0	0	2677	0	0	28393	0	0
ENSG00000171940	ZNF217	mRNA	0	0	6337	0	0	42843	0	0
ENSG00000171984	C20orf196	mRNA	0	0	2301	0	0	113982	0	0
ENSG00000172070	SRXN1	mRNA	0	0	3120	0	0	29186	0	0
ENSG00000172216	CEBPB	mRNA	0	0	1837	0	0	1837	0	0
ENSG00000172264	MACROD2	mRNA	0	0	11342	0	0	2057828	0	0
ENSG00000172296	SPTLC3	mRNA	1	0	6262	1	0	157785	1	1
ENSG00000172315	TP53RK	mRNA	0	0	3520	0	0	5415	0	0
ENSG00000173335	CST9	mRNA	0	0	1592	0	0	3467	0	0
ENSG00000173404	INSM1	mRNA	0	0	2826	0	0	2826	0	0
ENSG00000173418	NAA20	mRNA	0	0	2376	0	0	16540	0	0
ENSG00000174306	ZHX3	mRNA	0	0	10864	0	0	139237	0	0
ENSG00000174365	SNHG11	mRNA	0	0	2813	0	0	4344	0	0
ENSG00000174403	C20orf200	mRNA	0	0	3397	0	0	7184	0	0
ENSG00000174407	C20orf166	mRNA	0	0	1220	0	0	20312	0	0
ENSG00000175063	UBE2C	mRNA	0	0	1641	0	0	4382	0	0
ENSG00000175121	WFDC5	mRNA	0	0	1044	0	0	5721	0	0
ENSG00000175170	FAM182B	mRNA	0	0	2472	0	0	104685	0	0
ENSG00000175730	BAK1P1	mRNA	0	0	2094	0	0	2094	0	0
ENSG00000176659	C20orf197	mRNA	0	0	2732	0	0	17029	0	0
ENSG00000177410	NCRNA00275	mRNA	0	0	1097	0	0	11083	0	0
ENSG00000177732	SOX12	mRNA	0	0	4659	0	0	4659	0	0
ENSG00000177764	ZCCHC3	mRNA	0	0	3229	0	0	3229	0	0
ENSG00000178591	DEFB125	mRNA	0	0	587	0	0	8824	0	0
ENSG00000178726	THBD	mRNA	0	0	4109	0	0	4109	0	0
ENSG00000179242	CDH4	mRNA	0	0	3889	0	0	684749	0	0
ENSG00000179253	RP11-429E11.3	mRNA	0	0	2000	0	0	2243	0	0
ENSG00000179447	RP5-1027G4.3	mRNA	0	0	1789	0	0	42295	0	0
ENSG00000179467	AL109806.1	mRNA	0	0	441	0	0	443	0	0
ENSG00000179772	FOXS1	mRNA	0	0	1318	0	0	1318	0	0
ENSG00000179935	RP5-1068E13.3	mRNA	0	0	2273	0	0	6685	0	0
ENSG00000180083	WFDC11	mRNA	0	0	646	0	0	21708	0	0
ENSG00000180205	WFDC9	mRNA	0	0	659	0	0	23330	0	0
ENSG00000180259	PRNT	mRNA	0	0	2333	0	0	9387	0	0
ENSG00000180305	WFDC10A	mRNA	0	0	706	0	0	1671	0	0
ENSG00000180344	AL035460.1	mRNA	0	0	414	0	0	431	0	0
ENSG00000180383	DEFB124	mRNA	0	0	729	0	0	11252	0	0
ENSG00000180424	DEFB123	mRNA	0	0	467	0	0	9739	0	0
ENSG00000180483	DEFB119	mRNA	0	0	797	0	0	13440	0	0
ENSG00000181741	RP3-468O1.2	mRNA	0	0	551	0	0	551	0	0
ENSG00000182035	ADIG	mRNA	0	0	1033	0	0	7269	0	0
ENSG00000182463	TSHZ2	mRNA	0	0	8183	0	0	518537	0	0
ENSG00000182584	C20orf134	mRNA	0	0	2028	0	0	2028	0	0
ENSG00000182621	PLCB1	mRNA	0	0	8934	0	0	752724	0	0
ENSG00000182931	WFDC10B	mRNA	0	0	630	0	0	20367	0	0
ENSG00000183260	ABHD16B	mRNA	0	0	1776	0	0	1776	0	0
ENSG00000183566	RP11-49G10.8	mRNA	0	0	1220	0	0	16858	0	0
ENSG00000183798	EMILIN3	mRNA	0	0	3796	0	0	6862	0	0
ENSG00000184402	SS18L1	mRNA	0	0	5105	0	0	38719	0	0
ENSG00000184617	ZNF840	mRNA	0	0	1996	0	0	8180	0	0
ENSG00000185019	UBOX5	mRNA	0	0	4738	0	0	52624	0	0
ENSG00000185052	SLC24A3	mRNA	0	0	3893	0	0	510256	0	0
ENSG00000185513	L3MBTL1	mRNA	0	0	10788	0	0	43271	0	0
ENSG00000185834	RPL12P4	mRNA	0	0	531	0	0	531	0	0
ENSG00000185982	DEFB128	mRNA	0	0	373	0	0	1829	0	0
ENSG00000186190	C20orf185	mRNA	0	0	1454	0	0	18205	0	0
ENSG00000186191	C20orf186	mRNA	0	0	2448	0	0	32108	0	0
ENSG00000186458	DEFB132	mRNA	0	0	2121	0	0	3361	0	0
ENSG00000188559	RALGAPA2	mRNA	0	0	9605	0	0	323071	0	0
ENSG00000196074	SYCP2	mRNA	0	0	6463	0	0	70090	0	0
ENSG00000196090	PTPRT	mRNA	0	0	12933	0	0	1117219	0	0
ENSG00000196132	MYT1	mRNA	0	0	5863	0	0	90461	0	0
ENSG00000196209	SIRPB2	mRNA	0	0	4494	0	0	20848	0	0
ENSG00000196227	C20orf177	mRNA	0	0	5323	0	0	14917	0	0
ENSG00000196396	PTPN1	mRNA	0	0	3529	0	0	74409	0	0
ENSG00000196421	NCRNA00176	mRNA	0	0	5480	0	0	5619	0	0
ENSG00000196476	C20orf96	mRNA	0	0	1921	0	0	19887	0	0
ENSG00000196562	SULF2	mRNA	0	0	6721	0	0	130269	0	0
ENSG00000196700	ZNF512B	mRNA	0	0	6018	0	0	92059	0	0
ENSG00000196756	RP4-564F22.2	mRNA	0	0	4186	0	0	14762	0	0
ENSG00000196839	ADA	mRNA	0	0	2852	0	0	32712	0	0
ENSG00000197114	ZGPAT	mRNA	0	0	5857	0	0	31663	0	0
ENSG00000197122	SRC	mRNA	0	0	6550	0	0	61366	0	0
ENSG00000197183	C20orf112	mRNA	0	0	9366	0	0	142015	0	0
ENSG00000197296	FITM2	mRNA	0	0	4597	0	0	8332	0	0
ENSG00000197457	STMN3	mRNA	0	0	2449	0	0	13720	0	0
ENSG00000197496	SLC2A10	mRNA	0	0	4822	0	0	26840	0	0
ENSG00000197586	ENTPD6	mRNA	0	0	5327	0	0	31037	0	0
ENSG00000197670	RP4-724E16.2	mRNA	0	0	1947	0	0	22539	0	0
ENSG00000197818	SLC9A8	mRNA	0	0	6957	0	0	79530	0	0
ENSG00000198026	ZNF335	mRNA	0	0	7543	0	0	23542	0	0
ENSG00000198053	SIRPA	mRNA	0	0	4032	0	0	45390	0	0
ENSG00000198171	DDRGK1	mRNA	0	0	1832	0	0	14336	0	0
ENSG00000198183	PLUNC	mRNA	0	0	1079	0	0	7315	0	0
ENSG00000198185	ZNF334	mRNA	0	0	3479	0	0	12490	0	0
ENSG00000198276	UCKL1	mRNA	0	0	3105	0	0	16584	0	0
ENSG00000198326	RP5-860F19.6	mRNA	0	0	3892	0	0	3983	0	0
ENSG00000198547	C20orf203	mRNA	0	0	3456	0	0	19020	0	0
ENSG00000198646	NCOA6	mRNA	0	0	9862	0	0	110875	0	0
ENSG00000198768	APCDD1L	mRNA	0	0	3942	0	0	56031	0	0
ENSG00000198900	TOP1	mRNA	0	0	3738	0	0	95670	0	0
ENSG00000198959	TGM2	mRNA	0	0	6962	0	0	38118	0	0
ENSG00000199017	MIR1-1	mRNA	0	0	77	0	0	77	0	0
ENSG00000199024	MIR103A2	mRNA	0	0	78	0	0	78	0	0
ENSG00000199218	7SK	mRNA	0	0	333	0	0	333	0	0
ENSG00000199266	SNORA60	mRNA	0	0	134	0	0	134	0	0
ENSG00000199287	Y_RNA	mRNA	0	0	96	0	0	96	0	0
ENSG00000199452	SNORA71	mRNA	0	0	128	0	0	128	0	0
ENSG00000199490	Y_RNA	mRNA	0	0	98	0	0	98	0	0
ENSG00000199497	U1	mRNA	0	0	173	0	0	173	0	0
ENSG00000199509	5S_rRNA	mRNA	0	0	119	0	0	119	0	0
ENSG00000199570	U6	mRNA	0	0	106	0	0	106	0	0
ENSG00000199676	Y_RNA	mRNA	0	0	113	0	0	113	0	0
ENSG00000199683	7SK	mRNA	0	0	326	0	0	326	0	0
ENSG00000199691	7SK	mRNA	0	0	315	0	0	315	0	0
ENSG00000199719	7SK	mRNA	0	0	309	0	0	309	0	0
ENSG00000199803	U6	mRNA	0	0	107	0	0	107	0	0
ENSG00000199805	U1	mRNA	0	0	165	0	0	165	0	0
ENSG00000200208	Y_RNA	mRNA	0	0	102	0	0	102	0	0
ENSG00000200231	U1	mRNA	0	0	144	0	0	144	0	0
ENSG00000200301	5S_rRNA	mRNA	0	0	118	0	0	118	0	0
ENSG00000200313	5_8S_rRNA	mRNA	0	0	155	0	0	155	0	0
ENSG00000200325	Y_RNA	mRNA	0	0	112	0	0	112	0	0
ENSG00000200354	SNORA71D	mRNA	0	0	134	0	0	134	0	0
ENSG00000200494	Y_RNA	mRNA	0	0	102	0	0	102	0	0
ENSG00000201021	U6	mRNA	0	0	106	0	0	106	0	0
ENSG00000201151	SNORD56	mRNA	0	0	72	0	0	72	0	0
ENSG00000201180	U6	mRNA	0	0	107	0	0	107	0	0
ENSG00000201221	U4	mRNA	0	0	143	0	0	143	0	0
ENSG00000201294	U6	mRNA	0	0	107	0	0	107	0	0
ENSG00000201346	U3	mRNA	0	0	211	0	0	211	0	0
ENSG00000201348	RNU105B	mRNA	0	0	208	0	0	208	0	0
ENSG00000201363	Y_RNA	mRNA	0	0	91	0	0	91	0	0
ENSG00000201372	U6	mRNA	0	0	107	0	0	107	0	0
ENSG00000201416	SNORA71B	mRNA	0	0	134	0	0	134	0	0
ENSG00000201498	Y_RNA	mRNA	0	0	101	0	0	101	0	0
ENSG00000201501	Y_RNA	mRNA	0	0	102	0	0	102	0	0
ENSG00000201512	SNORA71C	mRNA	0	0	134	0	0	134	0	0
ENSG00000201527	5S_rRNA	mRNA	0	0	115	0	0	115	0	0
ENSG00000201599	SNORA71A	mRNA	0	0	134	0	0	134	0	0
ENSG00000201728	5S_rRNA	mRNA	0	0	117	0	0	117	0	0
ENSG00000201742	U6	mRNA	0	0	108	0	0	108	0	0
ENSG00000201770	U6	mRNA	0	0	104	0	0	104	0	0
ENSG00000201811	SNORA71	mRNA	0	0	134	0	0	134	0	0
ENSG00000201902	SNORA39	mRNA	0	0	132	0	0	132	0	0
ENSG00000201923	5S_rRNA	mRNA	0	0	119	0	0	119	0	0
ENSG00000202150	U6	mRNA	0	0	104	0	0	104	0	0
ENSG00000202186	U6	mRNA	0	0	104	0	0	104	0	0
ENSG00000202255	Y_RNA	mRNA	0	0	112	0	0	112	0	0
ENSG00000202260	7SK	mRNA	0	0	305	0	0	305	0	0
ENSG00000202380	U1	mRNA	0	0	158	0	0	158	0	0
ENSG00000202414	Y_RNA	mRNA	0	0	101	0	0	101	0	0
ENSG00000203266	RP11-560A15.3	mRNA	0	0	770	0	0	7178	0	0
ENSG00000203346	AL162458.1	mRNA	0	0	117	0	0	121	0	0
ENSG00000203630	AL136531.1	mRNA	0	0	1328	0	0	1328	0	0
ENSG00000203880	PCMTD2	mRNA	0	0	4753	0	0	39808	0	0
ENSG00000203883	SOX18	mRNA	0	0	1723	0	0	1919	0	0
ENSG00000203896	LIME1	mRNA	0	0	2653	0	0	3642	0	0
ENSG00000203900	RP11-261N11.8	mRNA	0	0	3410	0	0	11190	0	0
ENSG00000203905	AL121673.1	mRNA	0	0	3253	0	0	75534	0	0
ENSG00000203951	AL078633.1	mRNA	0	0	3210	0	0	4378	0	0
ENSG00000203971	RP13-379L11.2	mRNA	0	0	1854	0	0	2535	0	0
ENSG00000203999	RP11-290F20.1	mRNA	0	0	3014	0	0	22203	0	0
ENSG00000204044	RP11-465L10.10	mRNA	0	0	2242	0	0	8572	0	0
ENSG00000204070	SYS1	mRNA	0	0	6117	0	0	14862	0	0
ENSG00000204103	MAFB	mRNA	0	0	3393	0	0	3393	0	0
ENSG00000204117	RP4-640H8.2	mRNA	0	0	2112	0	0	6325	0	0
ENSG00000204183	GDF5OS	mRNA	0	0	1734	0	0	2422	0	0
ENSG00000204393	RP11-410N8.4	mRNA	0	0	846	0	0	21415	0	0
ENSG00000204547	DEFB122	mRNA	0	0	557	0	0	7745	0	0
ENSG00000204548	DEFB121	mRNA	0	0	630	0	0	7994	0	0
ENSG00000204555	RP4-610C12.2	mRNA	0	0	179	0	0	179	0	0
ENSG00000204556	CTD-2514C3.1	mRNA	0	0	353	0	0	1853	0	0
ENSG00000204658	RP11-218C14.2	mRNA	0	0	320	0	0	2866	0	0
ENSG00000204662	CST9LP1	mRNA	0	0	444	0	0	2889	0	0
ENSG00000204663	RP11-218C14.6	mRNA	0	0	1157	0	0	22873	0	0
ENSG00000204684	RP5-1004I9.1	mRNA	0	0	1666	0	0	20293	0	0
ENSG00000205181	RP5-1022P6.6	mRNA	0	0	1985	0	0	4291	0	0
ENSG00000205300	RP11-352D3.2	mRNA	0	0	686	0	0	5014	0	0
ENSG00000205611	RP4-610C12.4	mRNA	0	0	3328	0	0	7632	0	0
ENSG00000206249	CTD-2308N23.2	mRNA	0	0	806	0	0	38206	0	0
ENSG00000206582	Y_RNA	mRNA	0	0	97	0	0	97	0	0
ENSG00000206710	U6	mRNA	0	0	107	0	0	107	0	0
ENSG00000206794	SNORD56	mRNA	0	0	71	0	0	71	0	0
ENSG00000206797	Y_RNA	mRNA	0	0	100	0	0	100	0	0
ENSG00000206801	U6	mRNA	0	0	107	0	0	107	0	0
ENSG00000206959	Y_RNA	mRNA	0	0	111	0	0	111	0	0
ENSG00000206998	Y_RNA	mRNA	0	0	102	0	0	102	0	0
ENSG00000207053	U6	mRNA	0	0	106	0	0	106	0	0
ENSG00000207158	U6	mRNA	0	0	107	0	0	107	0	0
ENSG00000207262	SNORD57	mRNA	0	0	72	0	0	72	0	0
ENSG00000207282	Y_RNA	mRNA	0	0	113	0	0	113	0	0
ENSG00000207305	Y_RNA	mRNA	0	0	108	0	0	108	0	0
ENSG00000207355	U6	mRNA	0	0	110	0	0	110	0	0
ENSG00000207380	Y_RNA	mRNA	0	0	113	0	0	113	0	0
ENSG00000207427	SNORA51	mRNA	0	0	132	0	0	132	0	0
ENSG00000207554	MIR647	mRNA	0	0	96	0	0	96	0	0
ENSG00000207598	MIR124-3	mRNA	0	0	87	0	0	87	0	0
ENSG00000207635	MIR499	mRNA	0	0	122	0	0	122	0	0
ENSG00000207764	MIR133A2	mRNA	0	0	102	0	0	102	0	0
ENSG00000207802	MIR646	mRNA	0	0	94	0	0	94	0	0
ENSG00000207950	MIR296	mRNA	0	0	80	0	0	80	0	0
ENSG00000207985	MIR663	mRNA	0	0	93	0	0	93	0	0
ENSG00000207997	MIR644	mRNA	0	0	94	0	0	94	0	0
ENSG00000208018	MIR645	mRNA	0	0	94	0	0	94	0	0
ENSG00000209042	SNORD12C	mRNA	0	0	89	0	0	89	0	0
ENSG00000211534	AL121588.1	mRNA	0	0	76	0	0	76	0	0
ENSG00000211588	AL023913.1	mRNA	0	0	143	0	0	143	0	0
ENSG00000212084	AL121914.1	mRNA	0	0	92	0	0	92	0	0
ENSG00000212111	AL121584.1	mRNA	0	0	89	0	0	89	0	0
ENSG00000212134	SNORA40	mRNA	0	0	128	0	0	128	0	0
ENSG00000212165	U3	mRNA	0	0	202	0	0	202	0	0
ENSG00000212224	SNORA26	mRNA	0	0	122	0	0	122	0	0
ENSG00000212232	SNORD17	mRNA	0	0	237	0	0	237	0	0
ENSG00000212247	U6	mRNA	0	0	109	0	0	109	0	0
ENSG00000212304	SNORD12	mRNA	0	0	90	0	0	90	0	0
ENSG00000212498	SNORD86	mRNA	0	0	86	0	0	86	0	0
ENSG00000212517	SNORA26	mRNA	0	0	123	0	0	123	0	0
ENSG00000212536	5S_rRNA	mRNA	0	0	90	0	0	90	0	0
ENSG00000212555	U6	mRNA	0	0	100	0	0	100	0	0
ENSG00000212571	5S_rRNA	mRNA	0	0	118	0	0	118	0	0
ENSG00000212717	DEFB117	mRNA	0	0	129	0	0	129	0	0
ENSG00000213384	EIF4E2P1	mRNA	0	0	255	0	0	255	0	0
ENSG00000213714	C20orf107	mRNA	0	0	694	0	0	3275	0	0
ENSG00000213742	RP4-694B14.5	mRNA	0	0	5308	0	0	54030	0	0
ENSG00000213820	RPL13P2	mRNA	0	0	659	0	0	659	0	0
ENSG00000213882	AL353132.1	mRNA	0	0	399	0	0	399	0	0
ENSG00000213950	RPS10P2	mRNA	0	0	494	0	0	494	0	0
ENSG00000213959	RP5-1100H13.3	mRNA	0	0	564	0	0	564	0	0
ENSG00000213979	RPL7AP14	mRNA	0	0	802	0	0	802	0	0
ENSG00000214078	CPNE1	mRNA	0	0	3608	0	0	38926	0	0
ENSG00000214185	XPOTP1	mRNA	0	0	2398	0	0	2398	0	0
ENSG00000214200	TPM3P2	mRNA	0	0	723	0	0	1014	0	0
ENSG00000214245	HDHD1P3	mRNA	0	0	636	0	0	636	0	0
ENSG00000214535	RPS15AP1	mRNA	0	0	391	0	0	391	0	0
ENSG00000214541	AL137162.1	mRNA	0	0	413	0	0	413	0	0
ENSG00000214612	RPS19P1	mRNA	0	0	434	0	0	434	0	0
ENSG00000214835	RPL23AP6	mRNA	0	0	472	0	0	472	0	0
ENSG00000215063	RPL21P2	mRNA	0	0	481	0	0	481	0	0
ENSG00000215251	FASTKD5	mRNA	0	0	2874	0	0	13379	0	0
ENSG00000215305	VPS16	mRNA	0	0	3364	0	0	26030	0	0
ENSG00000215388	ACTG1P3	mRNA	0	0	1114	0	0	1114	0	0
ENSG00000215397	SCRT2	mRNA	0	0	3579	0	0	14586	0	0
ENSG00000215440	NPEPL1	mRNA	0	0	7568	0	0	30108	0	0
ENSG00000215444	RP5-827A12.2	mRNA	0	0	459	0	0	535	0	0
ENSG00000215448	SRMP1	mRNA	0	0	885	0	0	885	0	0
ENSG00000215450	RP5-890O15.3	mRNA	0	0	863	0	0	863	0	0
ENSG00000215452	RP5-981L23.1	mRNA	0	0	3030	0	0	45049	0	0
ENSG00000215467	RPL27AP	mRNA	0	0	435	0	0	769	0	0
ENSG00000215529	EFCAB8	mRNA	0	0	1928	0	0	102207	0	0
ENSG00000215545	DEFB116	mRNA	0	0	309	0	0	5374	0	0
ENSG00000215546	DKKL1P1	mRNA	0	0	698	0	0	698	0	0
ENSG00000215547	DEFB115	mRNA	0	0	267	0	0	1969	0	0
ENSG00000215553	KRT18P3	mRNA	0	0	1288	0	0	1288	0	0
ENSG00000215586	RP5-836E8.1	mRNA	0	0	525	0	0	525	0	0
ENSG00000215589	RP5-967N21.2	mRNA	0	0	1252	0	0	1252	0	0
ENSG00000215595	C20orf202	mRNA	0	0	1604	0	0	4821	0	0
ENSG00000215926	MIR941-3	mRNA	0	0	91	0	0	91	0	0
ENSG00000215946	MIR941-1	mRNA	0	0	91	0	0	91	0	0
ENSG00000216017	AL139429.1	mRNA	0	0	91	0	0	91	0	0
ENSG00000216031	MIR298	mRNA	0	0	88	0	0	88	0	0
ENSG00000216132	AL118506.1	mRNA	0	0	91	0	0	91	0	0
ENSG00000216141	hsa-mir-941-4	mRNA	0	0	91	0	0	91	0	0
ENSG00000216164	AL118506.2	mRNA	0	0	91	0	0	91	0	0
ENSG00000216195	MIR941-2	mRNA	0	0	91	0	0	91	0	0
ENSG00000217809	FAT1P1	mRNA	0	0	507	0	0	507	0	0
ENSG00000218018	RP4-800J21.3	mRNA	0	0	1540	0	0	8903	0	0
ENSG00000218902	PTMAP3	mRNA	0	0	330	0	0	330	0	0
ENSG00000219608	RP5-901O8.3	mRNA	0	0	258	0	0	258	0	0
ENSG00000220540	RP1-298M8.1	mRNA	0	0	211	0	0	211	0	0
ENSG00000221007	AL354984.1	mRNA	0	0	152	0	0	152	0	0
ENSG00000221046	U6atac	mRNA	0	0	126	0	0	126	0	0
ENSG00000221062	MIR1292	mRNA	0	0	66	0	0	66	0	0
ENSG00000221091	MIR1302-5	mRNA	0	0	150	0	0	150	0	0
ENSG00000221116	SNORD110	mRNA	0	0	75	0	0	75	0	0
ENSG00000221140	AL121902.1	mRNA	0	0	81	0	0	81	0	0
ENSG00000221174	AL050327.1	mRNA	0	0	144	0	0	144	0	0
ENSG00000221201	AL031655.1	mRNA	0	0	86	0	0	86	0	0
ENSG00000221220	AL035045.1	mRNA	0	0	146	0	0	146	0	0
ENSG00000221294	AL021394.1	mRNA	0	0	81	0	0	81	0	0
ENSG00000221319	AL441988.1	mRNA	0	0	139	0	0	139	0	0
ENSG00000221328	AL117333.1	mRNA	0	0	94	0	0	94	0	0
ENSG00000221385	AL354984.2	mRNA	0	0	152	0	0	152	0	0
ENSG00000221416	AL133232.1	mRNA	0	0	84	0	0	84	0	0
ENSG00000221417	MIR1257	mRNA	0	0	117	0	0	117	0	0
ENSG00000221448	AL118509.1	mRNA	0	0	95	0	0	95	0	0
ENSG00000221449	AL109618.1	mRNA	0	0	155	0	0	155	0	0
ENSG00000221451	AL354984.3	mRNA	0	0	76	0	0	76	0	0
ENSG00000221482	AL109840.1	mRNA	0	0	111	0	0	111	0	0
ENSG00000221667	MIR1825	mRNA	0	0	53	0	0	53	0	0
ENSG00000221726	AL031653.1	mRNA	0	0	92	0	0	92	0	0
ENSG00000221748	AL049647.1	mRNA	0	0	77	0	0	77	0	0
ENSG00000221763	MIR1289-1	mRNA	0	0	144	0	0	144	0	0
ENSG00000221806	U6atac	mRNA	0	0	121	0	0	121	0	0
ENSG00000222118	5S_rRNA	mRNA	0	0	122	0	0	122	0	0
ENSG00000222152	U6	mRNA	0	0	83	0	0	83	0	0
ENSG00000222281	7SK	mRNA	0	0	271	0	0	271	0	0
ENSG00000222298	AL031655.2	mRNA	0	0	87	0	0	87	0	0
ENSG00000222365	SNORD12B	mRNA	0	0	91	0	0	91	0	0
ENSG00000222439	U6	mRNA	0	0	111	0	0	111	0	0
ENSG00000222460	7SK	mRNA	0	0	320	0	0	320	0	0
ENSG00000222500	5S_rRNA	mRNA	0	0	110	0	0	110	0	0
ENSG00000222612	U2	mRNA	0	0	190	0	0	190	0	0
ENSG00000222798	AL035460.2	mRNA	0	0	84	0	0	84	0	0
ENSG00000222874	7SK	mRNA	0	0	340	0	0	340	0	0
ENSG00000223010	MIR1914	mRNA	0	0	80	0	0	80	0	0
ENSG00000223128	7SK	mRNA	0	0	284	0	0	284	0	0
ENSG00000223190	7SK	mRNA	0	0	284	0	0	284	0	0
ENSG00000223307	AL138850.1	mRNA	0	0	91	0	0	91	0	0
ENSG00000223346	RP11-348I14.4	mRNA	0	0	940	0	0	3547	0	0
ENSG00000223410	RP1-191L6.2	mRNA	0	0	426	0	0	5317	0	0
ENSG00000223492	RP11-15M15.1	mRNA	0	0	1620	0	0	10908	0	0
ENSG00000223651	RP5-1121H13.1	mRNA	0	0	2267	0	0	2267	0	0
ENSG00000223669	RP11-93B14.4	mRNA	0	0	739	0	0	2782	0	0
ENSG00000223750	RP4-673D20.1	mRNA	0	0	1216	0	0	42918	0	0
ENSG00000223864	NPM1P19	mRNA	0	0	712	0	0	712	0	0
ENSG00000223871	AL035562.1	mRNA	0	0	1253	0	0	92799	0	0
ENSG00000223891	RP5-995J12.2	mRNA	0	0	2186	0	0	15068	0	0
ENSG00000224008	RP5-1010E17.2	mRNA	0	0	2290	0	0	6862	0	0
ENSG00000224274	ENSAP1	mRNA	0	0	326	0	0	326	0	0
ENSG00000224357	ATG3P1	mRNA	0	0	911	0	0	911	0	0
ENSG00000224397	RP11-290F20.3	mRNA	0	0	2451	0	0	12310	0	0
ENSG00000224452	RSL24D1P6	mRNA	0	0	401	0	0	401	0	0
ENSG00000224497	RPL36P4	mRNA	0	0	318	0	0	318	0	0
ENSG00000224530	PPIAP10	mRNA	0	0	458	0	0	458	0	0
ENSG00000224565	RP1-148H17.1	mRNA	0	0	750	0	0	20399	0	0
ENSG00000224628	RP5-854E16.2	mRNA	0	0	1519	0	0	1519	0	0
ENSG00000224635	RP4-564F22.5	mRNA	0	0	2004	0	0	10787	0	0
ENSG00000224711	RP5-988G17.1	mRNA	0	0	748	0	0	20166	0	0
ENSG00000224876	RP11-49G10.3	mRNA	0	0	366	0	0	2148	0	0
ENSG00000224961	RP1-278O22.1	mRNA	0	0	438	0	0	877	0	0
ENSG00000225022	UBE2D3P1	mRNA	0	0	444	0	0	444	0	0
ENSG00000225056	RP11-218C14.5	mRNA	0	0	436	0	0	1166	0	0
ENSG00000225065	RP11-346K17.4	mRNA	0	0	519	0	0	17711	0	0
ENSG00000225069	RP5-1025A1.2	mRNA	0	0	824	0	0	824	0	0
ENSG00000225074	NCRNA00261	mRNA	0	0	4912	0	0	18090	0	0
ENSG00000225091	AL080249.1	mRNA	0	0	138	0	0	138	0	0
ENSG00000225106	RP11-429E11.2	mRNA	0	0	1354	0	0	16838	0	0
ENSG00000225116	RP11-137F15.1	mRNA	0	0	268	0	0	268	0	0
ENSG00000225127	NCRNA00237	mRNA	0	0	544	0	0	12786	0	0
ENSG00000225129	RP4-614C15.2	mRNA	0	0	593	0	0	5580	0	0
ENSG00000225160	RP4-760C5.2	mRNA	0	0	443	0	0	764	0	0
ENSG00000225170	RP5-828K20.1	mRNA	0	0	1403	0	0	1403	0	0
ENSG00000225181	RP11-388K2.1	mRNA	0	0	519	0	0	729	0	0
ENSG00000225246	RPS2P1	mRNA	0	0	821	0	0	821	0	0
ENSG00000225280	RP11-227D2.3	mRNA	0	0	615	0	0	2574	0	0
ENSG00000225321	RP5-828K20.2	mRNA	0	0	504	0	0	2445	0	0
ENSG00000225336	HMGB3P1	mRNA	0	0	573	0	0	888	0	0
ENSG00000225344	RP4-738P15.4	mRNA	0	0	895	0	0	895	0	0
ENSG00000225357	AL357374.1	mRNA	0	0	779	0	0	779	0	0
ENSG00000225377	RP5-1103G7.4	mRNA	0	0	875	0	0	27912	0	0
ENSG00000225417	RP5-1178H5.2	mRNA	0	0	282	0	0	964	0	0
ENSG00000225419	RPL21P3	mRNA	0	0	478	0	0	788	0	0
ENSG00000225458	RP5-1121H13.4	mRNA	0	0	594	0	0	72830	0	0
ENSG00000225479	RP5-997K18.1	mRNA	0	0	558	0	0	8214	0	0
ENSG00000225490	RP4-610C12.3	mRNA	0	0	553	0	0	1351	0	0
ENSG00000225563	AC006076.1	mRNA	0	0	345	0	0	1496	0	0
ENSG00000225622	PPIAP17	mRNA	0	0	471	0	0	786	0	0
ENSG00000225640	RP5-1022P6.4	mRNA	0	0	358	0	0	2128	0	0
ENSG00000225657	RP5-843L14.1	mRNA	0	0	996	0	0	21059	0	0
ENSG00000225708	RP13-379L11.1	mRNA	0	0	1022	0	0	3017	0	0
ENSG00000225759	RP11-425M5.7	mRNA	0	0	543	0	0	3822	0	0
ENSG00000225785	RP4-583K8.1	mRNA	0	0	431	0	0	4156	0	0
ENSG00000225803	MRPS11P1	mRNA	0	0	522	0	0	522	0	0
ENSG00000225806	RP1-309F20.3	mRNA	0	0	1096	0	0	25299	0	0
ENSG00000225831	RPS18P1	mRNA	0	0	458	0	0	458	0	0
ENSG00000225849	MKRN7P	mRNA	0	0	1223	0	0	1223	0	0
ENSG00000225865	RP5-1030M6.2	mRNA	0	0	2425	0	0	36419	0	0
ENSG00000225915	RP3-511B24.5	mRNA	0	0	498	0	0	16332	0	0
ENSG00000225956	RP5-1077I2.3	mRNA	0	0	446	0	0	1306	0	0
ENSG00000225978	HAR1A	mRNA	0	0	1882	0	0	2182	0	0
ENSG00000225988	RP5-1119D9.4	mRNA	0	0	1928	0	0	9819	0	0
ENSG00000226038	PPIAP21	mRNA	0	0	501	0	0	501	0	0
ENSG00000226094	RPL7P3	mRNA	0	0	714	0	0	714	0	0
ENSG00000226143	RP1-138B7.5	mRNA	0	0	518	0	0	1561	0	0
ENSG00000226144	RPS27AP3	mRNA	0	0	446	0	0	446	0	0
ENSG00000226188	HNRNPA1P3	mRNA	0	0	551	0	0	551	0	0
ENSG00000226203	RP4-760C5.5	mRNA	0	0	4604	0	0	13477	0	0
ENSG00000226217	RPL19P1	mRNA	0	0	428	0	0	428	0	0
ENSG00000226229	RPLP0P1	mRNA	0	0	361	0	0	361	0	0
ENSG00000226239	RP1-310O13.7	mRNA	0	0	2013	0	0	3823	0	0
ENSG00000226243	RPL37AP1	mRNA	0	0	279	0	0	279	0	0
ENSG00000226262	PHKBP1	mRNA	0	0	1951	0	0	1951	0	0
ENSG00000226263	RP5-1077I2.4	mRNA	0	0	652	0	0	1874	0	0
ENSG00000226284	ARPC3P1	mRNA	0	0	533	0	0	533	0	0
ENSG00000226308	RP4-813D12.3	mRNA	0	0	1293	0	0	16202	0	0
ENSG00000226332	RP11-157P1.4	mRNA	0	0	737	0	0	965	0	0
ENSG00000226344	RP3-333B15.2	mRNA	0	0	362	0	0	4099	0	0
ENSG00000226390	RP11-358D14.2	mRNA	0	0	789	0	0	1279	0	0
ENSG00000226405	RP5-984P4.1	mRNA	0	0	382	0	0	382	0	0
ENSG00000226465	RP13-401N8.1	mRNA	0	0	320	0	0	1544	0	0
ENSG00000226572	SNORD57	mRNA	0	0	72	0	0	72	0	0
ENSG00000226608	FTLP3	mRNA	0	0	540	0	0	540	0	0
ENSG00000226632	UBE2V1P1	mRNA	0	0	445	0	0	445	0	0
ENSG00000226644	RP11-128M1.1	mRNA	0	0	546	0	0	5935	0	0
ENSG00000226648	RP1-1J6.2	mRNA	0	0	1462	0	0	39675	0	0
ENSG00000226769	GAPDHP54	mRNA	0	0	893	0	0	893	0	0
ENSG00000226812	RP5-881L22.5	mRNA	0	0	906	0	0	7634	0	0
ENSG00000226875	ZNF877P	mRNA	0	0	612	0	0	612	0	0
ENSG00000226948	RP5-1068H6.3	mRNA	0	0	793	0	0	793	0	0
ENSG00000226995	RP5-828H9.3	mRNA	0	0	1602	0	0	13755	0	0
ENSG00000227063	RPL41P1	mRNA	0	0	306	0	0	306	0	0
ENSG00000227164	AL354993.1	mRNA	0	0	670	0	0	670	0	0
ENSG00000227195	RP3-410C9.1	mRNA	0	0	1240	0	0	22215	0	0
ENSG00000227223	RP11-23O13.1	mRNA	0	0	390	0	0	718	0	0
ENSG00000227282	RP11-164D18.2	mRNA	0	0	566	0	0	849	0	0
ENSG00000227297	RP4-718J7.4	mRNA	0	0	823	0	0	1506	0	0
ENSG00000227343	RPL15P1	mRNA	0	0	600	0	0	600	0	0
ENSG00000227379	PPIAP2	mRNA	0	0	492	0	0	492	0	0
ENSG00000227401	RPL37P1	mRNA	0	0	284	0	0	284	0	0
ENSG00000227431	RP1-155G6.4	mRNA	0	0	556	0	0	5582	0	0
ENSG00000227477	RP5-1069P2.4	mRNA	0	0	2065	0	0	2609	0	0
ENSG00000227563	AL121582.1	mRNA	0	0	440	0	0	440	0	0
ENSG00000227599	RP4-753D4.2	mRNA	0	0	1586	0	0	2750	0	0
ENSG00000227663	RPL7P2	mRNA	0	0	268	0	0	268	0	0
ENSG00000227688	HNRNPA3P2	mRNA	0	0	715	0	0	1022	0	0
ENSG00000227693	GSTM3P1	mRNA	0	0	574	0	0	574	0	0
ENSG00000227705	RP11-15M15.2	mRNA	0	0	485	0	0	12477	0	0
ENSG00000227906	RP5-839B4.7	mRNA	0	0	2375	0	0	343188	0	0
ENSG00000227927	NCRNA00227	mRNA	0	0	665	0	0	74525	0	0
ENSG00000227964	RP5-1112F19.2	mRNA	0	0	2326	0	0	31116	0	0
ENSG00000228156	RP11-410N8.1	mRNA	0	0	370	0	0	11938	0	0
ENSG00000228210	AL121916.1	mRNA	0	0	308	0	0	308	0	0
ENSG00000228234	AL109614.1	mRNA	0	0	334	0	0	334	0	0
ENSG00000228265	RP5-1125A11.1	mRNA	0	0	1207	0	0	11306	0	0
ENSG00000228293	RP4-686C3.7	mRNA	0	0	872	0	0	1523	0	0
ENSG00000228340	RP5-1043L13.1	mRNA	0	0	5137	0	0	439622	0	0
ENSG00000228386	RP5-1125A11.4	mRNA	0	0	873	0	0	2781	0	0
ENSG00000228422	C20orf61	mRNA	0	0	0	0	0	1	0	0
ENSG00000228438	RP5-859I17.2	mRNA	0	0	144	0	0	144	0	0
ENSG00000228476	CSTP1	mRNA	0	0	419	0	0	3399	0	0
ENSG00000228482	RP5-859D4.3	mRNA	0	0	932	0	0	4879	0	0
ENSG00000228503	RP11-347D21.2	mRNA	0	0	456	0	0	582	0	0
ENSG00000228539	RP11-526K17.2	mRNA	0	0	823	0	0	10874	0	0
ENSG00000228593	CFTRP1	mRNA	0	0	183	0	0	183	0	0
ENSG00000228601	RPL39P	mRNA	0	0	156	0	0	156	0	0
ENSG00000228604	RP5-872K7.7	mRNA	0	0	1078	0	0	14150	0	0
ENSG00000228608	RP3-399C22.1	mRNA	0	0	429	0	0	6274	0	0
ENSG00000228663	PSMD10P1	mRNA	0	0	681	0	0	681	0	0
ENSG00000228705	RP5-885L7.10	mRNA	0	0	540	0	0	1285	0	0
ENSG00000228809	RP4-705D16.3	mRNA	0	0	1101	0	0	16105	0	0
ENSG00000228812	RP11-157P1.5	mRNA	0	0	828	0	0	3471	0	0
ENSG00000228820	RPSAP1	mRNA	0	0	880	0	0	880	0	0
ENSG00000228888	RP4-764O22.2	mRNA	0	0	874	0	0	107736	0	0
ENSG00000228935	RP11-189G24.2	mRNA	0	0	2043	0	0	5530	0	0
ENSG00000228958	RP5-1125A11.5	mRNA	0	0	415	0	0	415	0	0
ENSG00000228959	RP5-1121H13.3	mRNA	0	0	417	0	0	1445	0	0
ENSG00000228995	RP3-481F12.4	mRNA	0	0	944	0	0	944	0	0
ENSG00000229005	RP5-881L22.4	mRNA	0	0	648	0	0	17964	0	0
ENSG00000229042	RP1-232N11.2	mRNA	0	0	1078	0	0	2163	0	0
ENSG00000229188	RP4-553F4.2	mRNA	0	0	401	0	0	2898	0	0
ENSG00000229222	KRT18P4	mRNA	0	0	1288	0	0	1288	0	0
ENSG00000229230	AL121753.1	mRNA	0	0	177	0	0	177	0	0
ENSG00000229262	RP4-726N1.2	mRNA	0	0	400	0	0	11516	0	0
ENSG00000229299	RP4-583P15.10	mRNA	0	0	471	0	0	1270	0	0
ENSG00000229398	RP4-620E11.5	mRNA	0	0	725	0	0	725	0	0
ENSG00000229472	RP1-64K7.4	mRNA	0	0	230	0	0	800	0	0
ENSG00000229500	RPL17P1	mRNA	0	0	536	0	0	536	0	0
ENSG00000229522	RP11-347D21.4	mRNA	0	0	450	0	0	910	0	0
ENSG00000229539	RP11-119B16.2	mRNA	0	0	441	0	0	630	0	0
ENSG00000229606	RP5-827L5.1	mRNA	0	0	391	0	0	1040	0	0
ENSG00000229686	SNORD56	mRNA	0	0	71	0	0	71	0	0
ENSG00000229690	MTCO2P1	mRNA	0	0	477	0	0	477	0	0
ENSG00000229728	RP11-314N13.3	mRNA	0	0	480	0	0	964	0	0
ENSG00000229755	RP5-827L5.2	mRNA	0	0	500	0	0	593	0	0
ENSG00000229766	RP5-971N18.3	mRNA	0	0	1929	0	0	8055	0	0
ENSG00000229771	RP4-644L1.2	mRNA	0	0	273	0	0	722	0	0
ENSG00000229853	RP5-1049G16.4	mRNA	0	0	860	0	0	1173	0	0
ENSG00000229873	RP5-885L7.11	mRNA	0	0	668	0	0	4961	0	0
ENSG00000229876	RP11-199O14.1	mRNA	0	0	1484	0	0	81737	0	0
ENSG00000229882	RP13-30A9.2	mRNA	0	0	461	0	0	2091	0	0
ENSG00000229892	RP4-730D4.1	mRNA	0	0	348	0	0	866	0	0
ENSG00000229900	HSPD1P21	mRNA	0	0	245	0	0	245	0	0
ENSG00000229957	RP5-998H6.2	mRNA	0	0	2137	0	0	2834	0	0
ENSG00000229963	RP5-991B18.1	mRNA	0	0	277	0	0	30225	0	0
ENSG00000229976	RP5-1031J8.1	mRNA	0	0	480	0	0	27509	0	0
ENSG00000230010	RP4-568F9.6	mRNA	0	0	2548	0	0	36749	0	0
ENSG00000230043	TMSL6	mRNA	0	0	135	0	0	135	0	0
ENSG00000230133	RP5-1100I6.2	mRNA	0	0	2376	0	0	24822	0	0
ENSG00000230155	RP3-477O4.14	mRNA	0	0	839	0	0	14781	0	0
ENSG00000230176	RP4-779E11.3	mRNA	0	0	480	0	0	2662	0	0
ENSG00000230226	RP4-697K14.3	mRNA	0	0	376	0	0	2825	0	0
ENSG00000230236	RP1-66N13.2	mRNA	0	0	551	0	0	1012	0	0
ENSG00000230324	RP4-705O1.1	mRNA	0	0	1518	0	0	10972	0	0
ENSG00000230352	RP4-614C15.3	mRNA	0	0	620	0	0	3847	0	0
ENSG00000230387	RP4-737E23.2	mRNA	0	0	556	0	0	2180	0	0
ENSG00000230400	RP11-359G22.2	mRNA	0	0	2781	0	0	9273	0	0
ENSG00000230437	RP11-102J14.1	mRNA	0	0	473	0	0	10873	0	0
ENSG00000230440	RP13-329D4.3	mRNA	0	0	271	0	0	1312	0	0
ENSG00000230492	RP4-753D10.5	mRNA	0	0	719	0	0	20577	0	0
ENSG00000230495	RP11-462D18.2	mRNA	0	0	553	0	0	553	0	0
ENSG00000230506	RP11-416N4.4	mRNA	0	0	349	0	0	23471	0	0
ENSG00000230563	RP5-828H9.1	mRNA	0	0	1964	0	0	3976	0	0
ENSG00000230568	SF3A3P1	mRNA	0	0	1477	0	0	1477	0	0
ENSG00000230613	RP3-324O17.2	mRNA	0	0	489	0	0	5557	0	0
ENSG00000230636	RPL36P1	mRNA	0	0	225	0	0	225	0	0
ENSG00000230725	RP4-738P15.1	mRNA	0	0	3379	0	0	8470	0	0
ENSG00000230750	SDAD1P2	mRNA	0	0	2028	0	0	2028	0	0
ENSG00000230753	RP4-553F4.6	mRNA	0	0	703	0	0	23725	0	0
ENSG00000230758	SNAP23P	mRNA	0	0	246	0	0	246	0	0
ENSG00000230772	VN1R108P	mRNA	0	0	830	0	0	830	0	0
ENSG00000230801	RP11-243J16.8	mRNA	0	0	247	0	0	247	0	0
ENSG00000230837	RPL31P2	mRNA	0	0	377	0	0	377	0	0
ENSG00000230839	RP5-968J1.1	mRNA	0	0	346	0	0	13591	0	0
ENSG00000230843	RP11-380D15.3	mRNA	0	0	453	0	0	3194	0	0
ENSG00000230860	CCNB1IP1P2	mRNA	0	0	818	0	0	818	0	0
ENSG00000230908	XXyac-YX60D10.1	mRNA	0	0	797	0	0	7523	0	0
ENSG00000230935	RPS3P1	mRNA	0	0	192	0	0	192	0	0
ENSG00000230990	RP4-734C18.1	mRNA	0	0	1433	0	0	67356	0	0
ENSG00000231005	RP3-481F12.1	mRNA	0	0	151	0	0	151	0	0
ENSG00000231015	RP5-860P4.2	mRNA	0	0	805	0	0	1445	0	0
ENSG00000231034	RP11-346K17.3	mRNA	0	0	291	0	0	291	0	0
ENSG00000231071	RP5-1068H6.1	mRNA	0	0	687	0	0	1005	0	0
ENSG00000231078	RP11-560A15.4	mRNA	0	0	377	0	0	1388	0	0
ENSG00000231081	RP4-760C5.3	mRNA	0	0	542	0	0	1741	0	0
ENSG00000231119	RP4-569M23.2	mRNA	0	0	1809	0	0	2073	0	0
ENSG00000231133	HAR1B	mRNA	0	0	551	0	0	6482	0	0
ENSG00000231208	RP4-583P15.11	mRNA	0	0	533	0	0	8446	0	0
ENSG00000231241	RPS3AP3	mRNA	0	0	242	0	0	242	0	0
ENSG00000231265	RP4-710H13.2	mRNA	0	0	462	0	0	789	0	0
ENSG00000231290	RP5-907D15.2	mRNA	0	0	4940	0	0	104510	0	0
ENSG00000231302	RPL36P2	mRNA	0	0	315	0	0	315	0	0
ENSG00000231307	RPS3P2	mRNA	0	0	701	0	0	701	0	0
ENSG00000231470	HMGB3P2	mRNA	0	0	584	0	0	584	0	0
ENSG00000231604	RP5-897D18.1	mRNA	0	0	483	0	0	1064	0	0
ENSG00000231703	RP4-669H2.1	mRNA	0	0	2929	0	0	3574	0	0
ENSG00000231715	COX6CP2	mRNA	0	0	225	0	0	225	0	0
ENSG00000231742	RP11-112L6.4	mRNA	0	0	782	0	0	4010	0	0
ENSG00000231795	RP3-468O1.5	mRNA	0	0	208	0	0	3623	0	0
ENSG00000231878	SNRPFP1	mRNA	0	0	252	0	0	252	0	0
ENSG00000231934	RP4-610C12.1	mRNA	0	0	1035	0	0	37919	0	0
ENSG00000231961	RP5-967N21.7	mRNA	0	0	332	0	0	332	0	0
ENSG00000231977	RP5-963E22.4	mRNA	0	0	542	0	0	14107	0	0
ENSG00000232043	RP4-530I15.9	mRNA	0	0	4587	0	0	7067	0	0
ENSG00000232121	RP13-30A9.1	mRNA	0	0	499	0	0	1824	0	0
ENSG00000232135	RP3-461P17.6	mRNA	0	0	219	0	0	219	0	0
ENSG00000232136	DUXAP7	mRNA	0	0	189	0	0	511	0	0
ENSG00000232200	RP4-564O4.1	mRNA	0	0	503	0	0	20502	0	0
ENSG00000232241	DYNLT3P1	mRNA	0	0	347	0	0	347	0	0
ENSG00000232271	RP4-764O22.1	mRNA	0	0	381	0	0	77043	0	0
ENSG00000232286	RP11-80K6.2	mRNA	0	0	459	0	0	4518	0	0
ENSG00000232294	RP4-715N11.2	mRNA	0	0	1173	0	0	19013	0	0
ENSG00000232333	RPS27AP2	mRNA	0	0	465	0	0	465	0	0
ENSG00000232358	RP5-955M13.4	mRNA	0	0	802	0	0	10650	0	0
ENSG00000232388	RP11-379J5.2	mRNA	0	0	505	0	0	2144	0	0
ENSG00000232406	RP11-234K24.3	mRNA	0	0	2701	0	0	5321	0	0
ENSG00000232442	CTD-3184A7.4	mRNA	0	0	801	0	0	1598	0	0
ENSG00000232448	RP11-416N4.1	mRNA	0	0	446	0	0	5541	0	0
ENSG00000232465	RP5-1022J11.2	mRNA	0	0	573	0	0	12670	0	0
ENSG00000232493	RPL12P11	mRNA	0	0	501	0	0	501	0	0
ENSG00000232528	RP4-673D20.3	mRNA	0	0	1372	0	0	12038	0	0
ENSG00000232595	CSTP2	mRNA	0	0	87	0	0	87	0	0
ENSG00000232645	RP3-322G13.5	mRNA	0	0	841	0	0	1523	0	0
ENSG00000232675	RP4-718D20.3	mRNA	0	0	379	0	0	3532	0	0
ENSG00000232712	RP4-777D9.2	mRNA	0	0	1434	0	0	23884	0	0
ENSG00000232738	RP5-986I17.2	mRNA	0	0	465	0	0	2082	0	0
ENSG00000232803	RP11-93B14.5	mRNA	0	0	1534	0	0	3706	0	0
ENSG00000232838	AL050321.1	mRNA	0	0	1156	0	0	5312	0	0
ENSG00000232852	CICP4	mRNA	0	0	2812	0	0	2812	0	0
ENSG00000232880	RP3-453C12.8	mRNA	0	0	359	0	0	359	0	0
ENSG00000232900	RP4-697P8.3	mRNA	0	0	2006	0	0	33940	0	0
ENSG00000232907	RP5-977B1.7	mRNA	0	0	1543	0	0	65116	0	0
ENSG00000232911	RP4-697P8.2	mRNA	0	0	268	0	0	2528	0	0
ENSG00000232925	MRPS16P	mRNA	0	0	408	0	0	408	0	0
ENSG00000232943	RP4-717M23.2	mRNA	0	0	400	0	0	400	0	0
ENSG00000233015	SLC25A6P1	mRNA	0	0	775	0	0	775	0	0
ENSG00000233017	RP5-908M14.5	mRNA	0	0	477	0	0	1965	0	0
ENSG00000233048	RP5-1069C8.2	mRNA	0	0	3033	0	0	87318	0	0
ENSG00000233077	RP11-290F20.2	mRNA	0	0	2250	0	0	10632	0	0
ENSG00000233106	RPL12P3	mRNA	0	0	396	0	0	396	0	0
ENSG00000233146	RP5-1187J4.6	mRNA	0	0	1099	0	0	13101	0	0
ENSG00000233277	RP5-1030M6.3	mRNA	0	0	524	0	0	749	0	0
ENSG00000233293	RP11-410N8.3	mRNA	0	0	469	0	0	12796	0	0
ENSG00000233324	EEF1A1P34	mRNA	0	0	1267	0	0	1267	0	0
ENSG00000233347	ERP29P1	mRNA	0	0	706	0	0	706	0	0
ENSG00000233352	RP1-300I2.3	mRNA	0	0	222	0	0	375	0	0
ENSG00000233354	NCRNA00028	mRNA	0	0	587	0	0	1797	0	0
ENSG00000233376	RP5-881L22.6	mRNA	0	0	403	0	0	1914	0	0
ENSG00000233402	TARDBPP1	mRNA	0	0	1203	0	0	1203	0	0
ENSG00000233415	RP11-101E14.3	mRNA	0	0	640	0	0	12305	0	0
ENSG00000233492	RP5-984P4.4	mRNA	0	0	449	0	0	543	0	0
ENSG00000233508	RP1-269M15.3	mRNA	0	0	805	0	0	11150	0	0
ENSG00000233578	RP5-1022P6.3	mRNA	0	0	642	0	0	642	0	0
ENSG00000233625	RP5-905G11.3	mRNA	0	0	632	0	0	798	0	0
ENSG00000233686	FAM38CP	mRNA	0	0	219	0	0	219	0	0
ENSG00000233711	EIF4EBP2P	mRNA	0	0	343	0	0	343	0	0
ENSG00000233746	RP4-737E23.4	mRNA	0	0	1896	0	0	7554	0	0
ENSG00000233838	DPH3P1	mRNA	0	0	1054	0	0	1054	0	0
ENSG00000233895	RP1-122P22.2	mRNA	0	0	1089	0	0	51968	0	0
ENSG00000233896	RP4-684O24.5	mRNA	0	0	1802	0	0	60272	0	0
ENSG00000233993	RP11-379J5.5	mRNA	0	0	1695	0	0	24315	0	0
ENSG00000234011	RP3-461P17.10	mRNA	0	0	514	0	0	941	0	0
ENSG00000234069	GAPDHP53	mRNA	0	0	924	0	0	924	0	0
ENSG00000234075	RPL35AP	mRNA	0	0	326	0	0	797	0	0
ENSG00000234087	CTD-3216D2.4	mRNA	0	0	115	0	0	115	0	0
ENSG00000234104	RP5-1177M21.1	mRNA	0	0	512	0	0	2115	0	0
ENSG00000234139	RP4-550H1.4	mRNA	0	0	691	0	0	12820	0	0
ENSG00000234187	SCYE1P	mRNA	0	0	937	0	0	937	0	0
ENSG00000234194	RP4-781B1.2	mRNA	0	0	465	0	0	3268	0	0
ENSG00000234241	RP4-775C13.1	mRNA	0	0	1683	0	0	1683	0	0
ENSG00000234265	RP11-157E14.1	mRNA	0	0	601	0	0	1290	0	0
ENSG00000234271	RP1-138B7.4	mRNA	0	0	312	0	0	312	0	0
ENSG00000234274	COX7BP2	mRNA	0	0	242	0	0	242	0	0
ENSG00000234282	RP4-673D20.4	mRNA	0	0	493	0	0	493	0	0
ENSG00000234435	RP11-125P18.1	mRNA	0	0	520	0	0	20408	0	0
ENSG00000234516	AL121758.1	mRNA	0	0	1582	0	0	1888	0	0
ENSG00000234573	RP5-1116H23.1	mRNA	0	0	205	0	0	205	0	0
ENSG00000234646	RP4-753D10.3	mRNA	0	0	533	0	0	7695	0	0
ENSG00000234684	RP11-314N13.4	mRNA	0	0	1811	0	0	52763	0	0
ENSG00000234693	RP4-530I15.6	mRNA	0	0	964	0	0	16805	0	0
ENSG00000234698	RP11-112L6.2	mRNA	0	0	616	0	0	5381	0	0
ENSG00000234747	RP1-309F20.2	mRNA	0	0	350	0	0	629	0	0
ENSG00000234821	MRPS33P4	mRNA	0	0	317	0	0	317	0	0
ENSG00000234832	RP3-322G13.7	mRNA	0	0	814	0	0	4546	0	0
ENSG00000234862	RP5-1097P24.1	mRNA	0	0	439	0	0	2730	0	0
ENSG00000234878	AL133419.1	mRNA	0	0	318	0	0	318	0	0
ENSG00000234900	RP1-278O22.2	mRNA	0	0	729	0	0	12009	0	0
ENSG00000234933	CDC42P1	mRNA	0	0	548	0	0	548	0	0
ENSG00000234948	RP4-723E3.1	mRNA	0	0	4883	0	0	439787	0	0
ENSG00000234967	RP11-347D21.1	mRNA	0	0	425	0	0	1257	0	0
ENSG00000235018	RP11-11M20.2	mRNA	0	0	528	0	0	528	0	0
ENSG00000235032	RP4-813D12.2	mRNA	0	0	436	0	0	995	0	0
ENSG00000235036	RP5-1099D15.1	mRNA	0	0	1369	0	0	1369	0	0
ENSG00000235044	PPIAP3	mRNA	0	0	505	0	0	505	0	0
ENSG00000235065	RPL24P2	mRNA	0	0	475	0	0	475	0	0
ENSG00000235088	RP4-620E11.4	mRNA	0	0	323	0	0	2591	0	0
ENSG00000235102	RP3-450M14.1	mRNA	0	0	538	0	0	538	0	0
ENSG00000235166	RP5-1010E17.1	mRNA	0	0	1571	0	0	45172	0	0
ENSG00000235167	RP11-425M5.5	mRNA	0	0	784	0	0	16760	0	0
ENSG00000235208	AL135938.1	mRNA	0	0	290	0	0	290	0	0
ENSG00000235214	NCRNA00154	mRNA	0	0	352	0	0	506	0	0
ENSG00000235217	TSPY26P	mRNA	0	0	1173	0	0	1173	0	0
ENSG00000235234	RP5-1069C8.1	mRNA	0	0	484	0	0	1156	0	0
ENSG00000235292	RP4-796I8.1	mRNA	0	0	280	0	0	402	0	0
ENSG00000235313	RP3-324O17.5	mRNA	0	0	356	0	0	911	0	0
ENSG00000235408	AL080249.2	mRNA	0	0	136	0	0	136	0	0
ENSG00000235415	AC005808.3	mRNA	0	0	381	0	0	26237	0	0
ENSG00000235508	RPS2P7	mRNA	0	0	885	0	0	885	0	0
ENSG00000235525	FTLP1	mRNA	0	0	526	0	0	827	0	0
ENSG00000235544	RPS11P1	mRNA	0	0	473	0	0	473	0	0
ENSG00000235590	GNAS-AS1	mRNA	0	0	2239	0	0	31985	0	0
ENSG00000235594	RP11-380D15.2	mRNA	0	0	1095	0	0	1360	0	0
ENSG00000235621	RP1-66N13.3	mRNA	0	0	4523	0	0	15416	0	0
ENSG00000235698	PA2G4P2	mRNA	0	0	1200	0	0	1200	0	0
ENSG00000235820	RP5-1022P6.5	mRNA	0	0	473	0	0	2262	0	0
ENSG00000235914	MACROD2-AS1	mRNA	0	0	1781	0	0	45263	0	0
ENSG00000235922	RP11-323C15.1	mRNA	0	0	542	0	0	542	0	0
ENSG00000235958	RP5-1187M17.7	mRNA	0	0	2027	0	0	43955	0	0
ENSG00000235996	RP11-97N19.2	mRNA	0	0	366	0	0	626	0	0
ENSG00000236028	RP11-323C15.2	mRNA	0	0	423	0	0	584	0	0
ENSG00000236121	RP5-1018D12.6	mRNA	0	0	2404	0	0	3101	0	0
ENSG00000236151	RP5-1100I6.1	mRNA	0	0	534	0	0	1797	0	0
ENSG00000236159	RP3-343K2.4	mRNA	0	0	539	0	0	539	0	0
ENSG00000236168	RP5-831C21.1	mRNA	0	0	150	0	0	150	0	0
ENSG00000236352	AC005220.3	mRNA	0	0	884	0	0	2349	0	0
ENSG00000236387	RP11-307O10.1	mRNA	0	0	408	0	0	513	0	0
ENSG00000236388	RP3-468O1.4	mRNA	0	0	299	0	0	434	0	0
ENSG00000236456	RP4-785G19.2	mRNA	0	0	585	0	0	585	0	0
ENSG00000236474	GCNT1P1	mRNA	0	0	1295	0	0	1295	0	0
ENSG00000236526	RP4-742J24.2	mRNA	0	0	1831	0	0	9274	0	0
ENSG00000236527	ARF4P2	mRNA	0	0	526	0	0	827	0	0
ENSG00000236542	RP4-694B14.4	mRNA	0	0	530	0	0	530	0	0
ENSG00000236550	RP4-673D20.5	mRNA	0	0	246	0	0	246	0	0
ENSG00000236559	RP11-243J16.7	mRNA	0	0	374	0	0	30610	0	0
ENSG00000236772	RP5-1184F4.5	mRNA	0	0	986	0	0	3853	0	0
ENSG00000236811	GAPDHP2	mRNA	0	0	998	0	0	998	0	0
ENSG00000236874	RP1-66N13.1	mRNA	0	0	404	0	0	1573	0	0
ENSG00000236985	RP5-1195D24.1	mRNA	0	0	833	0	0	6187	0	0
ENSG00000236992	AL132821.1	mRNA	0	0	501	0	0	501	0	0
ENSG00000237000	PTMAP6	mRNA	0	0	327	0	0	678	0	0
ENSG00000237005	RP5-1068F16.3	mRNA	0	0	280	0	0	280	0	0
ENSG00000237018	C20orf181	mRNA	0	0	0	0	0	1	0	0
ENSG00000237063	RP4-550H1.5	mRNA	0	0	616	0	0	1941	0	0
ENSG00000237068	RPL5P2	mRNA	0	0	854	0	0	854	0	0
ENSG00000237119	RP11-305P22.5	mRNA	0	0	1234	0	0	15853	0	0
ENSG00000237121	RP4-806M20.2	mRNA	0	0	2180	0	0	43290	0	0
ENSG00000237256	PGAM3P	mRNA	0	0	427	0	0	427	0	0
ENSG00000237259	RP4-568F9.3	mRNA	0	0	258	0	0	1347	0	0
ENSG00000237282	RP4-568F9.7	mRNA	0	0	727	0	0	2436	0	0
ENSG00000237371	RP13-152O15.5	mRNA	0	0	188	0	0	282	0	0
ENSG00000237396	RP4-788L20.3	mRNA	0	0	659	0	0	19996	0	0
ENSG00000237423	RP11-347D21.3	mRNA	0	0	429	0	0	8257	0	0
ENSG00000237464	RP3-461P17.9	mRNA	0	0	355	0	0	2636	0	0
ENSG00000237555	RP5-862K6.4	mRNA	0	0	400	0	0	400	0	0
ENSG00000237595	RP11-112L6.3	mRNA	0	0	733	0	0	2639	0	0
ENSG00000237662	SOCS2P1	mRNA	0	0	557	0	0	902	0	0
ENSG00000237687	C20orf90	mRNA	0	0	332	0	0	5457	0	0
ENSG00000237767	RP11-101E14.2	mRNA	0	0	822	0	0	4053	0	0
ENSG00000237788	RP5-1041C10.3	mRNA	0	0	1653	0	0	1961	0	0
ENSG00000237832	RP5-974N19.1	mRNA	0	0	371	0	0	1521	0	0
ENSG00000237907	RP5-1013A22.2	mRNA	0	0	411	0	0	1316	0	0
ENSG00000237914	RP11-77C3.3	mRNA	0	0	2965	0	0	14965	0	0
ENSG00000237929	RPL31P3	mRNA	0	0	332	0	0	660	0	0
ENSG00000238034	RP5-1185K9.1	mRNA	0	0	569	0	0	23137	0	0
ENSG00000238102	RP11-19D2.1	mRNA	0	0	388	0	0	1635	0	0
ENSG00000238129	RP3-410C9.2	mRNA	0	0	626	0	0	2958	0	0
ENSG00000238144	RP11-157E14.3	mRNA	0	0	353	0	0	407	0	0
ENSG00000238151	MLLT10P1	mRNA	0	0	262	0	0	262	0	0
ENSG00000238157	RP13-401N8.4	mRNA	0	0	1693	0	0	3411	0	0
ENSG00000238194	RP4-719C8.1	mRNA	0	0	682	0	0	1826	0	0
ENSG00000238282	RP5-1164C1.2	mRNA	0	0	168	0	0	49562	0	0
ENSG00000238294	snoU13	mRNA	0	0	103	0	0	103	0	0
ENSG00000238452	U7	mRNA	0	0	76	0	0	76	0	0
ENSG00000238468	RNU7-14P	mRNA	0	0	62	0	0	62	0	0
ENSG00000238549	snoU13	mRNA	0	0	100	0	0	100	0	0
ENSG00000238644	AL117380.1	mRNA	0	0	52	0	0	52	0	0
ENSG00000238710	AL162505.1	mRNA	0	0	91	0	0	91	0	0
ENSG00000238777	U7	mRNA	0	0	62	0	0	62	0	0
ENSG00000238785	U7	mRNA	0	0	76	0	0	76	0	0
ENSG00000238820	HAR1F	mRNA	0	0	132	0	0	132	0	0
ENSG00000238833	U1	mRNA	0	0	161	0	0	161	0	0
ENSG00000238897	snoU13	mRNA	0	0	100	0	0	100	0	0
ENSG00000238908	5S_rRNA	mRNA	0	0	111	0	0	111	0	0
ENSG00000238950	U7	mRNA	0	0	76	0	0	76	0	0
ENSG00000239089	snoU13	mRNA	0	0	111	0	0	111	0	0
ENSG00000239109	AL121897.1	mRNA	0	0	80	0	0	80	0	0
ENSG00000239120	AL121761.1	mRNA	0	0	94	0	0	94	0	0
ENSG00000239157	snoU13	mRNA	0	0	105	0	0	105	0	0
ENSG00000239561	AL109955.1	mRNA	0	0	71	0	0	71	0	0
ENSG00000239597	AL121900.1	mRNA	0	0	57	0	0	57	0	0
ENSG00000239742	AL133230.1	mRNA	0	0	316	0	0	316	0	0
ENSG00000239783	RP5-1050K3.3	mRNA	0	0	372	0	0	372	0	0
ENSG00000239923	AL136992.1	mRNA	0	0	218	0	0	218	0	0
ENSG00000240108	C20orf191	mRNA	0	0	406	0	0	10613	0	0
ENSG00000240276	AL139352.1	mRNA	0	0	86	0	0	86	0	0
ENSG00000240314	AL049736.1	mRNA	0	0	78	0	0	78	0	0
ENSG00000240333	RP4-673D20.2	mRNA	0	0	747	0	0	6382	0	0
ENSG00000240474	AL031657.1	mRNA	0	0	255	0	0	255	0	0
ENSG00000240561	AL109754.1	mRNA	0	0	252	0	0	252	0	0
ENSG00000240584	AL031653.2	mRNA	0	0	280	0	0	280	0	0
ENSG00000240639	AL021395.1	mRNA	0	0	304	0	0	304	0	0
ENSG00000240670	AL135939.1	mRNA	0	0	75	0	0	75	0	0
ENSG00000240742	RP11-465L10.7	mRNA	0	0	611	0	0	6024	0	0
ENSG00000240848	RP1-211D12.3	mRNA	0	0	1508	0	0	2142	0	0
ENSG00000240849	TMEM189	mRNA	0	0	2448	0	0	29998	0	0
ENSG00000241054	RP5-1002M8.4	mRNA	0	0	433	0	0	1284	0	0
ENSG00000241110	AL117333.2	mRNA	0	0	72	0	0	72	0	0
ENSG00000241229	AL121587.1	mRNA	0	0	292	0	0	292	0	0
ENSG00000241271	AL031664.1	mRNA	0	0	472	0	0	472	0	0
ENSG00000241284	AL132772.1	mRNA	0	0	144	0	0	144	0	0
ENSG00000241624	RP4-697K14.12	mRNA	0	0	435	0	0	1165	0	0
ENSG00000241690	C20orf141	mRNA	0	0	2298	0	0	3099	0	0
ENSG00000241721	SUMO1P1	mRNA	0	0	306	0	0	306	0	0
ENSG00000241821	AL121920.1	mRNA	0	0	294	0	0	294	0	0
ENSG00000241840	AL031661.1	mRNA	0	0	139	0	0	139	0	0
ENSG00000241957	AL109823.1	mRNA	0	0	241	0	0	241	0	0
ENSG00000242069	AL031655.3	mRNA	0	0	90	0	0	90	0	0
ENSG00000242236	AL031673.1	mRNA	0	0	286	0	0	286	0	0
ENSG00000242324	RP4-576H24.2	mRNA	0	0	1720	0	0	40895	0	0
ENSG00000242348	AL109809.1	mRNA	0	0	280	0	0	280	0	0
ENSG00000242372	EIF6	mRNA	0	0	1631	0	0	6075	0	0
ENSG00000242507	RP3-477O4.5	mRNA	0	0	2337	0	0	8913	0	0
ENSG00000242509	AL079335.1	mRNA	0	0	262	0	0	262	0	0
ENSG00000242518	RP5-1187J4.11	mRNA	0	0	545	0	0	3198	0	0
ENSG00000242541	AL121763.1	mRNA	0	0	57	0	0	57	0	0
ENSG00000242748	RP3-511B24.4	mRNA	0	0	467	0	0	467	0	0
ENSG00000242760	AL109955.2	mRNA	0	0	69	0	0	69	0	0
ENSG00000243376	AL162615.1	mRNA	0	0	299	0	0	299	0	0
ENSG00000243467	RP11-216C10.1	mRNA	0	0	795	0	0	13254	0	0
ENSG00000243473	RP4-545L17.7	mRNA	0	0	326	0	0	13673	0	0
ENSG00000243509	TNFRSF6B	mRNA	0	0	1124	0	0	2017	0	0
ENSG00000243543	WFDC6	mRNA	0	0	793	0	0	5300	0	0
ENSG00000243702	AL121900.2	mRNA	0	0	290	0	0	290	0	0
ENSG00000243785	AL356299.1	mRNA	0	0	103	0	0	103	0	0
ENSG00000243810	RP5-1096J16.1	mRNA	0	0	568	0	0	9403	0	0
ENSG00000243952	RP11-392M18.5	mRNA	0	0	493	0	0	1803	0	0
ENSG00000243961	RP5-839B4.8	mRNA	0	0	1131	0	0	57129	0	0
ENSG00000243995	RP1-300I2.2	mRNA	0	0	556	0	0	2464	0	0
ENSG00000243998	AL157718.1	mRNA	0	0	299	0	0	299	0	0
ENSG00000244005	NFS1	mRNA	0	0	5391	0	0	30672	0	0
ENSG00000244068	AL050322.1	mRNA	0	0	139	0	0	139	0	0
ENSG00000244274	DBNDD2	mRNA	0	0	2764	0	0	4554	0	0
ENSG00000244376	AL034429.1	mRNA	0	0	294	0	0	294	0	0
ENSG00000244462	RBM12	mRNA	0	0	6702	0	0	16032	0	0
ENSG00000244543	AL021578.1	mRNA	0	0	73	0	0	73	0	0
ENSG00000244558	RP11-445H22.4	mRNA	0	0	1226	0	0	51130	0	0
ENSG00000244588	RAD21L1	mRNA	0	0	2730	0	0	70366	0	0
ENSG00000244687	UBE2V1	mRNA	0	0	4746	0	0	34836	0	0
ENSG00000245640	AL035456.1	mRNA	0	0	1047	0	0	1134	0	0
ENSG00000246892	AL034548.1	mRNA	0	0	1783	0	0	3104	0	0
ENSG00000247315	AL034548.2	mRNA	0	0	2253	0	0	2748	0	0
ENSG00000247862	AL035461.1	mRNA	0	0	983	0	0	14879	0	0
ENSG00000248220	AL161940.1	mRNA	0	0	3240	0	0	23043	0	0
ENSG00000248832	RP5-955M13.3	mRNA	0	0	3722	0	0	4384	0	0
ENSG00000249139	SPINLW1-WFDC6	mRNA	0	0	1156	0	0	10441	0	0
ENSG00000249313	RP4-543J19.8	mRNA	0	0	545	0	0	601	0	0
ENSG00000250090	RP13-401N8.3	mRNA	0	0	222	0	0	848	0	0
ENSG00000250123	AL121673.2	mRNA	0	0	2318	0	0	3054	0	0
ENSG00000250527	AL035661.1	mRNA	0	0	2156	0	0	2336	0	0
ENSG00000250917	RP4-785G19.5	mRNA	0	0	478	0	0	46334	0	0
ENSG00000250931	AL354889.1	mRNA	0	0	2415	0	0	19453	0	0
ENSG00000251390	RP11-276A18.2	mRNA	0	0	809	0	0	11893	0	0
ENSG00000251422	AL035541.1	mRNA	0	0	2067	0	0	3939	0	0
ENSG00000251713	AL050321.2	mRNA	0	0	85	0	0	85	0	0
ENSG00000251770	5S_rRNA	mRNA	0	0	83	0	0	83	0	0
ENSG00000251772	AL117380.2	mRNA	0	0	71	0	0	71	0	0
ENSG00000251806	SNORD119	mRNA	0	0	76	0	0	76	0	0
ENSG00000251833	snoR26	mRNA	0	0	95	0	0	95	0	0
ENSG00000251876	AL035106.1	mRNA	0	0	119	0	0	119	0	0
ENSG00000251883	U6atac	mRNA	0	0	71	0	0	71	0	0
ENSG00000251955	U6	mRNA	0	0	107	0	0	107	0	0
ENSG00000252021	Y_RNA	mRNA	0	0	107	0	0	107	0	0
ENSG00000252058	snoU13	mRNA	0	0	93	0	0	93	0	0
ENSG00000252064	Y_RNA	mRNA	0	0	105	0	0	105	0	0
ENSG00000252089	U4atac	mRNA	0	0	125	0	0	125	0	0
ENSG00000252091	U6	mRNA	0	0	102	0	0	102	0	0
ENSG00000252096	SNORA31	mRNA	0	0	135	0	0	135	0	0
ENSG00000252103	U6	mRNA	0	0	104	0	0	104	0	0
ENSG00000252123	RNU7-72P	mRNA	0	0	62	0	0	62	0	0
ENSG00000252193	SCARNA15	mRNA	0	0	125	0	0	125	0	0
ENSG00000252227	SNORD36	mRNA	0	0	81	0	0	81	0	0
ENSG00000252367	Y_RNA	mRNA	0	0	91	0	0	91	0	0
ENSG00000252386	U6	mRNA	0	0	106	0	0	106	0	0
ENSG00000252403	Y_RNA	mRNA	0	0	97	0	0	97	0	0
ENSG00000252422	5S_rRNA	mRNA	0	0	103	0	0	103	0	0
ENSG00000252434	SNORD112	mRNA	0	0	72	0	0	72	0	0
ENSG00000252467	U6	mRNA	0	0	105	0	0	105	0	0
ENSG00000252536	U3	mRNA	0	0	117	0	0	117	0	0
ENSG00000252540	U6	mRNA	0	0	104	0	0	104	0	0
ENSG00000252549	U6	mRNA	0	0	103	0	0	103	0	0
ENSG00000252597	U7	mRNA	0	0	62	0	0	62	0	0
ENSG00000252623	5S_rRNA	mRNA	0	0	122	0	0	122	0	0
ENSG00000252629	AL050316.1	mRNA	0	0	85	0	0	85	0	0
ENSG00000252635	U2	mRNA	0	0	190	0	0	190	0	0
ENSG00000252649	5S_rRNA	mRNA	0	0	109	0	0	109	0	0
ENSG00000252654	RNU7-6P	mRNA	0	0	62	0	0	62	0	0
ENSG00000252791	Y_RNA	mRNA	0	0	100	0	0	100	0	0
ENSG00000252819	AL121898.1	mRNA	0	0	75	0	0	75	0	0
ENSG00000254419	RP11-261P9.4	mRNA	0	0	577	0	0	839	0	0
ENSG00000254620	RP5-907D15.3	mRNA	0	0	507	0	0	9557	0	0
ENSG00000254806	RP3-453C12.13	mRNA	0	0	1402	0	0	47411	0	0
ENSG00000254995	RP11-261P9.5	mRNA	0	0	6498	0	0	64139	0	0
ENSG00000255438	CTD-2653D5.1	mRNA	0	0	2434	0	0	8397	0	0
ENSG00000255743	AL360078.1	mRNA	0	0	75	0	0	77	0	0
ENSG00000256222	MTRNR2L3	mRNA	0	0	1383	0	0	1383	0	0
ENSG00000256492	AL118508.1	mRNA	0	0	192	0	0	196	0	0
ENSG00000256566	RP4-734P14.4	mRNA	0	0	823	0	0	41696	0	0
ENSG00000256874	AL080274.1	mRNA	0	0	282	0	0	283	0	0
ENSG00000258197	RP5-984P4.5	mRNA	0	0	638	0	0	863	0	0
ENSG00000258366	AL353715.1	mRNA	0	0	5999	0	0	38444	0	0
